    beta         energy       spec-heat           abs-magnet          suscept
  0.5395      -0.917625        0.135794             0.948258         0.145151
  0.4258      -0.665844        0.421195             0.595453         5.871250
  0.4461      -0.743555        0.352906             0.744383         3.546761
  0.4360      -0.706523        0.399609             0.677227         4.878934
  0.5111      -0.886055        0.163512             0.923039         0.266366
  0.4563      -0.781242        0.313914             0.805984         1.940899
  0.4672      -0.805633        0.280449             0.839664         1.410148
  0.4930      -0.862453        0.193824             0.902492         0.408503
  0.3424      -0.425539        0.122361             0.184688         1.610070
  0.3891      -0.531031        0.210777             0.320023         4.204099
  0.3709      -0.481031        0.157665             0.244797         2.749991
  0.4150      -0.619891        0.349630             0.506914         6.080020
  0.0000      -0.015625        0.000000             0.031250         0.000000
  0.4031      -0.575836        0.285685             0.411062         5.761946
  0.4790      -0.831305        0.260248             0.867461         0.925778
  0.5401      -0.915070        0.124200             0.946313         0.148801
  0.4260      -0.668453        0.362800             0.602563         5.442599
  0.5114      -0.889625        0.164052             0.926250         0.312093
  0.4462      -0.748016        0.372301             0.752789         3.285919
  0.4674      -0.811461        0.280922             0.843516         1.442175
  0.4362      -0.710008        0.374980             0.680609         4.642124
  0.4565      -0.780625        0.308949             0.803727         1.895980
  0.4932      -0.862781        0.200026             0.903141         0.450479
  0.3430      -0.425344        0.110760             0.189391         1.530901
  0.3893      -0.537102        0.214903             0.333281         4.302842
  0.3713      -0.486406        0.164615             0.253234         3.029653
  0.4152      -0.615406        0.330591             0.487094         6.248354
  0.4033      -0.576547        0.292010             0.411305         5.479586
  0.2077      -0.220781        0.026395             0.088547         0.218319
  0.4792      -0.837195        0.255240             0.873500         0.947493
  0.5407      -0.915422        0.134878             0.946414         0.161127
  0.5117      -0.889195        0.161346             0.926508         0.254178
  0.4464      -0.747133        0.392582             0.747281         3.481311
  0.4675      -0.812102        0.274074             0.846727         1.447296
  0.4566      -0.779516        0.302335             0.798312         2.315221
  0.4363      -0.707234        0.383703             0.680570         4.785280
  0.4261      -0.669281        0.402048             0.606625         5.731971
  0.4935      -0.865094        0.180002             0.903492         0.437565
  0.3716      -0.487898        0.166062             0.256148         2.815194
  0.3895      -0.531062        0.215789             0.311758         4.475148
  0.3436      -0.431328        0.110579             0.187367         1.599835
  0.4154      -0.629687        0.349283             0.515711         6.275757
  0.4035      -0.575508        0.275912             0.409383         5.255815
  0.2229      -0.242078        0.028487             0.090086         0.264454
  0.4794      -0.839508        0.213000             0.877336         0.768002
  0.5414      -0.919656        0.120683             0.949953         0.133675
  0.5121      -0.885430        0.174929             0.921055         0.379142
  0.4465      -0.753641        0.366078             0.757617         3.267804
  0.4937      -0.860281        0.203905             0.898555         0.565963
  0.4677      -0.811969        0.272490             0.844172         1.370394
  0.4365      -0.708164        0.408532             0.676305         4.982011
  0.4568      -0.783422        0.319585             0.805383         2.276555
  0.4263      -0.670797        0.399548             0.600773         6.181986
  0.3898      -0.535742        0.226183             0.330641         4.413238
  0.4155      -0.622727        0.353562             0.512711         5.985801
  0.3719      -0.487586        0.158493             0.258750         2.958215
  0.3442      -0.430812        0.124816             0.187320         1.629435
  0.4037      -0.576984        0.279677             0.410789         5.530659
  0.2337      -0.256859        0.033265             0.098000         0.318602
  0.4796      -0.834313        0.239079             0.870422         1.016038
  0.5420      -0.917984        0.129091             0.948313         0.159783
  0.5124      -0.885469        0.173725             0.923844         0.272228
  0.4939      -0.861016        0.210663             0.901180         0.520693
  0.4467      -0.749000        0.389228             0.752891         3.378809
  0.4679      -0.810992        0.267671             0.845430         1.282917
  0.4366      -0.713273        0.369936             0.687148         4.787623
  0.4570      -0.781563        0.315140             0.804078         2.102968
  0.4264      -0.671961        0.384343             0.606523         5.754049
  0.3900      -0.536664        0.200282             0.329805         4.371824
  0.4157      -0.620648        0.352334             0.493398         6.172190
  0.3722      -0.487344        0.159293             0.258664         2.995141
  0.3447      -0.429398        0.114557             0.188445         1.688821
  0.4039      -0.581227        0.311170             0.424789         5.555991
  0.2421      -0.268586        0.040642             0.099969         0.376538
  0.4798      -0.839336        0.235286             0.878859         0.864130
  0.5426      -0.919828        0.116019             0.950086         0.131311
  0.5127      -0.891609        0.145835             0.927094         0.245775
  0.4942      -0.864000        0.209147             0.902477         0.481278
  0.4468      -0.752227        0.352835             0.757453         3.225683
  0.4680      -0.812523        0.264451             0.849570         1.029903
  0.4571      -0.783094        0.323664             0.804211         2.196887
  0.4368      -0.711039        0.345845             0.681195         4.655838
  0.4266      -0.675383        0.398998             0.615359         5.878695
  0.3902      -0.536078        0.209514             0.334734         4.256187
  0.4159      -0.623953        0.347059             0.512625         5.957625
  0.3725      -0.490914        0.165371             0.259180         2.913153
  0.3453      -0.433883        0.101611             0.185844         1.664078
  0.4040      -0.581930        0.307622             0.424797         5.838326
  0.2490      -0.276578        0.041534             0.106164         0.379474
  0.4800      -0.838227        0.230841             0.875164         0.940027
  0.5433      -0.921961        0.113414             0.951445         0.122233
  0.5131      -0.890500        0.156837             0.927820         0.222731
  0.4944      -0.864758        0.196399             0.902773         0.523652
  0.4682      -0.812906        0.237407             0.848586         1.184530
  0.4470      -0.749852        0.364325             0.755641         3.208823
  0.4573      -0.789453        0.291631             0.809984         2.293872
  0.4369      -0.713594        0.384154             0.690047         4.337468
  0.4268      -0.669305        0.394216             0.601789         5.663347
  0.3905      -0.538344        0.228161             0.337375         4.604142
  0.4160      -0.619812        0.343469             0.511781         5.614172
  0.3728      -0.485703        0.166139             0.261664         2.860961
  0.3459      -0.433906        0.109362             0.188922         1.551338
  0.4042      -0.583469        0.292590             0.420328         5.537901
  0.2548      -0.284609        0.043508             0.105125         0.391017
  0.4802      -0.839516        0.239984             0.875258         0.860565
  0.5439      -0.919063        0.120443             0.949766         0.131062
  0.5134      -0.891805        0.156436             0.927742         0.273315
  0.4947      -0.863102        0.194865             0.901992         0.506305
  0.4684      -0.812937        0.253671             0.845797         1.351091
  0.4471      -0.749695        0.348644             0.754953         3.343170
  0.4371      -0.714375        0.390507             0.691359         4.738641
  0.4574      -0.780734        0.314551             0.798641         2.470507
  0.3907      -0.534484        0.222165             0.328164         4.201980
  0.4269      -0.671883        0.408448             0.602250         5.955579
  0.3731      -0.488031        0.170508             0.260430         2.968304
  0.4162      -0.625484        0.370335             0.512062         6.172678
  0.4044      -0.581883        0.296452             0.417281         5.737302
  0.3464      -0.432914        0.112420             0.186250         1.633103
  0.2599      -0.291219        0.045930             0.109203         0.433236
  0.4804      -0.841477        0.213764             0.880180         0.768131
  0.5446      -0.919992        0.123164             0.949578         0.146273
  0.5137      -0.889508        0.173555             0.925633         0.304422
  0.4685      -0.811063        0.260866             0.844187         1.262747
  0.4949      -0.864906        0.197382             0.903984         0.410614
  0.4473      -0.753008        0.355705             0.757883         3.325023
  0.4576      -0.781297        0.312620             0.801719         2.284752
  0.4372      -0.707742        0.394242             0.678797         4.744214
  0.4271      -0.672367        0.393505             0.609750         5.554888
  0.3909      -0.535852        0.207297             0.336141         4.168319
  0.3735      -0.491812        0.166489             0.256008         3.044043
  0.4164      -0.626109        0.346075             0.517680         5.902408
  0.4046      -0.581250        0.316689             0.416070         5.917928
  0.3469      -0.433188        0.116972             0.198797         1.722589
  0.2643      -0.297070        0.050629             0.111141         0.482528
  0.4806      -0.839914        0.208244             0.878328         0.729591
  0.5453      -0.922383        0.120914             0.951688         0.157767
  0.5141      -0.888859        0.163637             0.925250         0.286484
  0.4687      -0.810781        0.262649             0.843883         1.602182
  0.4474      -0.748203        0.365522             0.749516         3.448861
  0.4952      -0.866781        0.185944             0.906398         0.368335
  0.4577      -0.781461        0.315301             0.802594         2.364353
  0.4374      -0.710273        0.393310             0.684891         4.919738
  0.3911      -0.536922        0.212261             0.329469         4.239247
  0.3738      -0.492539        0.165330             0.251102         2.981848
  0.4272      -0.672555        0.363143             0.613398         5.364819
  0.4165      -0.626094        0.349180             0.522422         5.863464
  0.4048      -0.583555        0.282957             0.414383         5.805601
  0.3475      -0.432406        0.119418             0.197187         1.747578
  0.2683      -0.304430        0.055696             0.108719         0.492469
  0.4808      -0.840164        0.224281             0.879734         0.771762
  0.5460      -0.925172        0.118391             0.953516         0.155332
  0.5144      -0.892234        0.168140             0.928492         0.257552
  0.4689      -0.816516        0.255862             0.849164         1.350459
  0.4476      -0.754125        0.363124             0.754352         3.527148
  0.4954      -0.865250        0.176758             0.904492         0.474961
  0.4579      -0.783875        0.312884             0.809078         2.105651
  0.4375      -0.716344        0.384355             0.694133         4.534770
  0.3914      -0.535672        0.208109             0.331727         4.133597
  0.4274      -0.670687        0.356811             0.600859         5.656330
  0.3741      -0.493391        0.177122             0.263031         3.065020
  0.4167      -0.622188        0.352016             0.503258         6.367285
  0.4050      -0.580984        0.297214             0.424828         5.778288
  0.3480      -0.435617        0.110502             0.196906         1.711169
  0.4810      -0.842547        0.230435             0.881578         0.699633
  0.2719      -0.308070        0.052466             0.112344         0.489412
  0.5467      -0.920641        0.120899             0.950063         0.145894
  0.4691      -0.813945        0.268125             0.846680         1.376262
  0.5148      -0.893219        0.146625             0.929117         0.234393
  0.4477      -0.751188        0.343646             0.762656         2.925988
  0.4956      -0.865281        0.200578             0.903664         0.509112
  0.4581      -0.786094        0.303841             0.809859         2.191400
  0.4377      -0.716945        0.394023             0.700992         4.068267
  0.3916      -0.541164        0.231397             0.339984         4.699947
  0.3744      -0.497328        0.180333             0.266617         3.139482
  0.4275      -0.675617        0.375087             0.609648         5.739858
  0.4169      -0.628594        0.336037             0.517930         5.877389
  0.4052      -0.582742        0.264242             0.425203         5.433846
  0.3485      -0.437008        0.118981             0.204305         1.871345
  0.4812      -0.841625        0.236830             0.876719         1.001150
  0.2752      -0.314547        0.056806             0.116484         0.554171
  0.5474      -0.922937        0.114328             0.952383         0.118941
  0.4692      -0.816094        0.249683             0.852555         1.140803
  0.5151      -0.894977        0.158334             0.930547         0.237504
  0.4479      -0.754578        0.351131             0.761062         3.156817
  0.4582      -0.789453        0.298224             0.811492         2.184162
  0.4959      -0.863883        0.207691             0.903438         0.559104
  0.4378      -0.718547        0.359642             0.699344         4.131329
  0.3918      -0.541555        0.218582             0.338313         4.443530
  0.3747      -0.496148        0.168632             0.262758         3.057270
  0.4277      -0.673875        0.368231             0.619211         5.239796
  0.4170      -0.622734        0.360266             0.505984         6.282092
  0.4054      -0.589719        0.294048             0.445430         5.620222
  0.3490      -0.439656        0.121383             0.198203         1.824010
  0.4814      -0.841063        0.229746             0.879398         0.743675
  0.2783      -0.319055        0.059029             0.120047         0.558628
  0.5481      -0.924844        0.121230             0.952719         0.162011
  0.4694      -0.813555        0.262130             0.848906         1.107799
  0.5155      -0.892891        0.151674             0.928570         0.250234
  0.4480      -0.750484        0.352114             0.756336         3.084499
  0.4961      -0.868672        0.191651             0.907547         0.440470
  0.4380      -0.712859        0.419532             0.685820         4.832594
  0.4584      -0.786367        0.284202             0.814008         1.663865
  0.3920      -0.538922        0.228119             0.336102         4.429749
  0.3750      -0.494109        0.168759             0.264313         3.113243
  0.4278      -0.668172        0.370664             0.598531         5.714207
  0.4172      -0.629148        0.381265             0.510344         6.387308
  0.3495      -0.441039        0.126436             0.202984         1.749076
  0.4055      -0.581148        0.302609             0.423570         5.782320
  0.4816      -0.839133        0.239237             0.877953         0.830295
  0.2811      -0.321437        0.057833             0.120414         0.595567
  0.5489      -0.924734        0.120175             0.953461         0.129263
  0.4696      -0.815461        0.264684             0.850336         1.157283
  0.5158      -0.892094        0.152619             0.927781         0.286293
  0.4482      -0.749945        0.324109             0.752484         3.297957
  0.4964      -0.864664        0.203816             0.903086         0.475011
  0.4381      -0.714305        0.362675             0.691477         4.281961
  0.4585      -0.786094        0.281589             0.805906         2.393903
  0.4280      -0.671609        0.399081             0.613203         5.440619
  0.3753      -0.496211        0.174405             0.260805         3.276678
  0.3922      -0.543039        0.235024             0.347836         4.663182
  0.4174      -0.625453        0.349701             0.516563         5.817404
  0.3500      -0.442523        0.119463             0.202523         1.784558
  0.4057      -0.583586        0.296317             0.424219         5.611502
  0.4818      -0.845227        0.222508             0.884883         0.645339
  0.2837      -0.328984        0.063352             0.122492         0.564236
  0.5496      -0.926352        0.110756             0.954750         0.115115
  0.4698      -0.815500        0.260790             0.855039         1.153703
  0.4483      -0.755125        0.350632             0.761633         3.343802
  0.5162      -0.893055        0.158890             0.928125         0.268613
  0.4966      -0.865906        0.207162             0.904250         0.512841
  0.4383      -0.718766        0.389017             0.696703         4.519917
  0.4587      -0.789492        0.317285             0.815586         1.943497
  0.4281      -0.675719        0.385472             0.612695         5.608545
  0.3925      -0.539922        0.212778             0.340828         4.197410
  0.3756      -0.494180        0.171353             0.261117         3.128856
  0.4175      -0.630945        0.372179             0.523406         6.303008
  0.3505      -0.443094        0.119205             0.199664         1.770185
  0.4059      -0.590031        0.307866             0.429508         5.797075
  0.4820      -0.844141        0.239174             0.881352         0.810469
  0.2862      -0.333672        0.060549             0.124914         0.630722
  0.5504      -0.925234        0.115711             0.954281         0.111809
  0.4485      -0.754437        0.360445             0.761281         3.193740
  0.4699      -0.816906        0.274002             0.853047         1.133791
  0.5166      -0.894047        0.157343             0.929086         0.262072
  0.4969      -0.866336        0.176347             0.905836         0.416838
  0.4588      -0.787813        0.321023             0.812008         2.228681
  0.4384      -0.723234        0.356921             0.708586         3.805993
  0.4283      -0.677789        0.408214             0.618367         5.600953
  0.3927      -0.542961        0.238216             0.337344         4.690796
  0.3758      -0.495961        0.165425             0.270008         3.118626
  0.3510      -0.443703        0.136647             0.198656         1.819523
  0.4177      -0.632992        0.368163             0.532797         6.212061
  0.4822      -0.842625        0.225597             0.882094         0.684072
  0.4061      -0.591141        0.320080             0.433188         5.846227
  0.2885      -0.334070        0.062780             0.124727         0.673403
  0.5512      -0.927398        0.111156             0.954891         0.122699
  0.4487      -0.754922        0.382404             0.760969         3.379243
  0.4701      -0.815547        0.274039             0.850164         1.270684
  0.4971      -0.870273        0.185980             0.908312         0.439941
  0.5169      -0.894695        0.172031             0.929289         0.304989
  0.4590      -0.788320        0.310415             0.812984         1.889082
  0.4386      -0.720344        0.370812             0.701562         4.202280
  0.3929      -0.541969        0.232667             0.344180         4.586270
  0.4285      -0.673242        0.369208             0.617609         5.332613
  0.3761      -0.495297        0.169850             0.268266         2.971203
  0.3515      -0.446062        0.124722             0.209086         1.930877
  0.4179      -0.633227        0.384700             0.532133         6.201924
  0.4824      -0.840641        0.238525             0.878289         0.912513
  0.4063      -0.588969        0.309509             0.444453         5.525565
  0.2906      -0.338180        0.061684             0.125578         0.658261
  0.5520      -0.926555        0.118402             0.954836         0.128058
  0.4488      -0.756609        0.332342             0.767125         2.670162
  0.4703      -0.815742        0.253366             0.852062         1.162169
  0.5173      -0.892984        0.171142             0.928719         0.295288
  0.4974      -0.870938        0.186094             0.910398         0.423428
  0.4592      -0.784602        0.316886             0.809008         2.096804
  0.4387      -0.720234        0.391603             0.702211         4.473340
  0.3931      -0.538367        0.220080             0.338586         4.431551
  0.3764      -0.497906        0.173044             0.275500         3.330565
  0.4286      -0.669242        0.401432             0.610609         5.699595
  0.3520      -0.444133        0.121317             0.209891         1.941412
  0.4180      -0.632719        0.380169             0.524555         6.383827
  0.4826      -0.847742        0.214422             0.884789         0.763876
  0.4065      -0.587820        0.278686             0.433320         5.680052
  0.2927      -0.343305        0.071937             0.128109         0.758590
  0.5528      -0.927875        0.113560             0.955727         0.114508
  0.4704      -0.820250        0.240424             0.856656         1.075443
  0.4490      -0.758461        0.341903             0.764750         3.301114
  0.5177      -0.894469        0.155716             0.929820         0.258903
  0.4593      -0.788289        0.338344             0.814773         2.015280
  0.4976      -0.868695        0.184634             0.907250         0.388888
  0.3933      -0.544086        0.245338             0.348055         4.643302
  0.4389      -0.717109        0.379253             0.691336         4.710365
  0.3767      -0.500430        0.168705             0.269859         3.071852
  0.4288      -0.681102        0.398300             0.632195         5.199510
  0.4828      -0.844289        0.234259             0.882797         0.845634
  0.3524      -0.444844        0.125329             0.204547         1.992731
  0.4182      -0.631977        0.338668             0.532156         5.838790
  0.4066      -0.589594        0.282930             0.436008         5.425442
  0.2947      -0.342734        0.068248             0.130352         0.722490
  0.5536      -0.927336        0.117027             0.954625         0.134068
  0.4706      -0.818492        0.270945             0.849828         1.437804
  0.4491      -0.753398        0.332127             0.756414         3.323073
  0.5180      -0.896312        0.149771             0.930813         0.260731
  0.4979      -0.870430        0.182919             0.909039         0.402667
  0.4595      -0.792687        0.293675             0.821547         1.872841
  0.3936      -0.543227        0.239483             0.341172         4.472844
  0.4390      -0.720016        0.368676             0.703602         4.363667
  0.3770      -0.500570        0.167601             0.266148         3.187513
  0.4289      -0.679992        0.373487             0.629336         5.115920
  0.4830      -0.841820        0.228383             0.880516         0.690926
  0.3529      -0.443820        0.123555             0.205047         1.962690
  0.4183      -0.629094        0.356555             0.519844         6.115660
  0.4068      -0.594695        0.300185             0.442195         5.789977
  0.2965      -0.348187        0.071523             0.134391         0.737094
  0.5545      -0.927977        0.104636             0.956039         0.107239
  0.4708      -0.820742        0.275387             0.854070         1.270841
  0.4493      -0.757961        0.356371             0.767711         2.964941
  0.5184      -0.895992        0.150320             0.931242         0.235347
  0.4982      -0.869203        0.183436             0.907289         0.516923
  0.4596      -0.794281        0.307562             0.819922         2.001949
  0.4392      -0.721016        0.361857             0.701648         4.419588
  0.3938      -0.542258        0.248902             0.344109         4.733508
  0.3773      -0.501000        0.187603             0.273164         3.218755
  0.4291      -0.676383        0.405827             0.619656         5.450698
  0.4832      -0.844562        0.216390             0.882922         0.742881
  0.4185      -0.630727        0.344638             0.523492         6.019093
  0.3534      -0.447359        0.127199             0.211578         2.028825
  0.4070      -0.591008        0.299483             0.440258         5.644186
  0.2983      -0.348859        0.071861             0.134703         0.751343
  0.5553      -0.927453        0.125467             0.954812         0.142266
  0.4710      -0.820484        0.272496             0.856008         1.282049
  0.4494      -0.760016        0.342415             0.761062         3.213851
  0.4984      -0.871352        0.193841             0.910055         0.397097
  0.5188      -0.897258        0.156531             0.931625         0.246028
  0.4598      -0.789508        0.278220             0.816453         1.818628
  0.4393      -0.718445        0.399241             0.697883         4.534582
  0.3940      -0.547813        0.229037             0.354000         4.666893
  0.3776      -0.499766        0.182015             0.277969         3.414615
  0.4292      -0.680602        0.387253             0.626594         5.498243
  0.4834      -0.845766        0.229562             0.885328         0.692481
  0.4187      -0.636297        0.350876             0.541180         5.510300
  0.3538      -0.449195        0.130074             0.206687         2.003456
  0.4072      -0.588164        0.290270             0.426938         5.652348
  0.3000      -0.350719        0.074152             0.136828         0.798004
  0.5562      -0.928219        0.117149             0.955656         0.136713
  0.4712      -0.819406        0.254295             0.855062         1.340006
  0.4496      -0.763555        0.302217             0.776914         2.705328
  0.4600      -0.792406        0.312136             0.816758         2.170592
  0.4987      -0.873000        0.185188             0.911297         0.392208
  0.5192      -0.896719        0.151556             0.932023         0.242060
  0.4395      -0.718047        0.400778             0.696227         4.603014
  0.3942      -0.546727        0.238103             0.358023         4.518792
  0.4294      -0.680133        0.387080             0.626406         5.418537
  0.3779      -0.499023        0.180707             0.266422         3.408364
  0.4836      -0.845055        0.231877             0.884422         0.679712
  0.4188      -0.636305        0.353174             0.531078         5.982738
  0.3543      -0.449961        0.137019             0.201063         2.016288
  0.4074      -0.594016        0.311405             0.443422         5.837265
  0.3017      -0.352117        0.072180             0.136266         0.797400
  0.5571      -0.928594        0.109110             0.956187         0.111920
  0.4713      -0.817516        0.251432             0.852789         1.174839
  0.4497      -0.757023        0.343777             0.767266         2.797983
  0.4601      -0.792945        0.307953             0.819703         1.839928
  0.4989      -0.870625        0.194576             0.908195         0.468265
  0.5196      -0.895102        0.154766             0.930281         0.237239
  0.4396      -0.722070        0.402896             0.703430         4.537581
  0.3944      -0.548555        0.226133             0.354328         4.613033
  0.3781      -0.504242        0.174519             0.277328         3.269007
  0.4295      -0.686141        0.387091             0.641328         5.208395
  0.4838      -0.845289        0.230093             0.883375         0.799690
  0.4190      -0.635953        0.364907             0.530563         6.302287
  0.3548      -0.450797        0.130496             0.213805         2.185399
  0.4075      -0.590250        0.284281             0.435812         5.776243
  0.3032      -0.360094        0.065020             0.140844         0.789039
  0.5580      -0.930813        0.115057             0.956992         0.129418
  0.4715      -0.821289        0.271229             0.856414         1.092027
  0.4499      -0.762242        0.345328             0.776586         2.681542
  0.4603      -0.793469        0.323926             0.818594         2.100900
  0.5199      -0.895953        0.154812             0.930609         0.256444
  0.4992      -0.867867        0.199600             0.906734         0.475170
  0.4398      -0.723328        0.395076             0.706562         4.402855
  0.3946      -0.546359        0.260503             0.351742         4.872554
  0.4297      -0.677930        0.404966             0.625141         5.397709
  0.3784      -0.501320        0.178711             0.275273         3.242220
  0.4840      -0.847094        0.220382             0.886109         0.673251
  0.4192      -0.637000        0.383916             0.541703         6.373774
  0.3552      -0.448922        0.133132             0.211148         1.999852
  0.4077      -0.592414        0.316662             0.448734         5.939756
  0.3047      -0.360672        0.077052             0.141641         0.881724
  0.5590      -0.931187        0.106424             0.958078         0.110596
  0.4717      -0.819578        0.258049             0.856141         0.917203
  0.4500      -0.758609        0.337757             0.767281         3.019639
  0.4604      -0.793984        0.302835             0.823562         1.804416
  0.4994      -0.872766        0.184971             0.910320         0.394642
  0.5203      -0.896531        0.159421             0.931203         0.246531
  0.3949      -0.547320        0.236487             0.348555         4.649983
  0.4298      -0.683344        0.385398             0.626516         5.816332
  0.3787      -0.505047        0.193680             0.280656         3.608053
  0.4842      -0.847211        0.211988             0.884523         0.712306
  0.4399      -0.721352        0.364406             0.705648         3.966385
  0.4193      -0.637648        0.338021             0.530867         6.222111
  0.3556      -0.451242        0.124950             0.209227         1.986427
  0.4079      -0.595000        0.311811             0.454234         5.547193
  0.3062      -0.363352        0.071899             0.143414         0.934502
  0.5599      -0.933422        0.109383             0.959023         0.117363
  0.4719      -0.821023        0.245265             0.854266         1.299127
  0.4502      -0.763961        0.335012             0.773813         2.878536
  0.4606      -0.788125        0.307434             0.814187         1.937762
  0.4997      -0.874273        0.171247             0.912891         0.331760
  0.5207      -0.897336        0.151158             0.931430         0.267331
  0.3951      -0.550602        0.248224             0.368711         4.742530
  0.4300      -0.682758        0.395607             0.625945         5.850829
  0.4844      -0.851187        0.196236             0.889953         0.562558
  0.3790      -0.505656        0.181606             0.282516         3.479611
  0.4401      -0.727531        0.367267             0.712359         4.162436
  0.4195      -0.643031        0.355768             0.557945         5.754074
  0.3561      -0.454805        0.124905             0.217609         2.168593
  0.4081      -0.594156        0.317512             0.449180         5.948680
  0.3076      -0.365883        0.072729             0.141148         0.868546
  0.5609      -0.933008        0.104695             0.959047         0.102765
  0.4720      -0.820352        0.256386             0.855789         1.136926
  0.4503      -0.764633        0.333314             0.777305         2.727192
  0.4608      -0.794406        0.316337             0.825758         1.717855
  0.5000      -0.870391        0.191146             0.908141         0.510478
  0.5211      -0.898711        0.141707             0.933508         0.220330
  0.4846      -0.842242        0.234299             0.880180         0.748300
  0.3953      -0.547078        0.246198             0.356508         4.814572
  0.3792      -0.504398        0.175802             0.284383         3.485358
  0.4301      -0.686789        0.372935             0.637664         5.330256
  0.4402      -0.725516        0.395445             0.708930         4.352435
  0.4196      -0.643242        0.372490             0.545523         6.309622
  0.3565      -0.455320        0.134651             0.207867         2.080357
  0.4083      -0.589773        0.302396             0.435437         5.557603
  0.3089      -0.366648        0.075084             0.143234         0.867287
  0.4722      -0.821297        0.249238             0.855859         1.097480
  0.5619      -0.934539        0.104644             0.960250         0.100813
  0.4505      -0.758859        0.308863             0.766563         3.059104
  0.4609      -0.794453        0.286910             0.825313         1.645795
  0.5215      -0.900000        0.147703             0.934664         0.201146
  0.5002      -0.873047        0.199966             0.909609         0.535314
  0.4848      -0.848773        0.199263             0.889070         0.534078
  0.3955      -0.550219        0.256446             0.360875         5.078819
  0.3795      -0.505437        0.184061             0.287008         3.588915
  0.4303      -0.686797        0.383043             0.640563         5.141193
  0.4404      -0.725156        0.374759             0.711086         4.143487
  0.3569      -0.457062        0.128172             0.214977         2.068614
  0.4198      -0.646617        0.375715             0.555672         6.114922
  0.4084      -0.592500        0.298864             0.439844         5.733870
  0.3103      -0.365016        0.077761             0.136563         0.876899
  0.4724      -0.827797        0.247172             0.866266         0.915801
  0.5630      -0.934164        0.105930             0.960156         0.100610
  0.4506      -0.756844        0.365468             0.762031         3.330874
  0.4611      -0.793078        0.288886             0.822000         1.694695
  0.5219      -0.898328        0.154015             0.933859         0.222736
  0.5005      -0.874648        0.174145             0.914367         0.359577
  0.4850      -0.850477        0.222330             0.889750         0.659711
  0.3957      -0.553219        0.242383             0.361016         4.832545
  0.3798      -0.507758        0.178089             0.276383         3.396865
  0.4304      -0.683820        0.397333             0.635109         5.446605
  0.4405      -0.718695        0.389733             0.699953         4.455361
  0.3574      -0.448688        0.133651             0.208484         2.110096
  0.4200      -0.639539        0.372173             0.542484         6.071768
  0.4086      -0.595961        0.316698             0.447531         5.792902
  0.3115      -0.372656        0.082793             0.147313         0.917561
  0.4726      -0.823117        0.272786             0.856953         1.334254
  0.5640      -0.936719        0.099103             0.961773         0.094745
  0.4508      -0.757188        0.318064             0.766844         2.862619
  0.4612      -0.793562        0.305560             0.822328         1.678450
  0.5223      -0.899492        0.141424             0.935102         0.199070
  0.5008      -0.871797        0.180917             0.910664         0.377034
  0.4853      -0.846734        0.224637             0.886125         0.676789
  0.3959      -0.550219        0.219056             0.356414         4.577632
  0.3801      -0.503734        0.195732             0.275680         3.401455
  0.4306      -0.685727        0.400840             0.628289         5.718534
  0.4407      -0.730125        0.385603             0.718594         4.213720
  0.3578      -0.454492        0.125464             0.219188         2.041594
  0.4201      -0.642516        0.366771             0.553742         5.816688
  0.4088      -0.594688        0.343733             0.453086         5.963504
  0.3128      -0.376078        0.082261             0.144297         0.954757
  0.4727      -0.824695        0.224014             0.861703         0.921455
  0.5651      -0.936867        0.106704             0.961680         0.101173
  0.4509      -0.764180        0.333549             0.780703         2.598030
  0.4614      -0.793156        0.296821             0.818727         1.817485
  0.5228      -0.901148        0.148271             0.936469         0.198195
  0.5010      -0.873313        0.170594             0.911469         0.411952
  0.4855      -0.847125        0.207208             0.885781         0.649635
  0.3961      -0.551703        0.252987             0.365617         4.734132
  0.3803      -0.507938        0.170907             0.280742         3.328313
  0.4408      -0.725969        0.364188             0.713023         4.122332
  0.4307      -0.685297        0.392368             0.632195         5.385821
  0.3582      -0.457875        0.130546             0.206867         2.043291
  0.4203      -0.639914        0.373189             0.548656         5.855413
  0.4090      -0.596562        0.324560             0.451305         5.910987
  0.3139      -0.374227        0.078358             0.145570         0.961978
  0.4729      -0.826859        0.262109             0.864328         0.946604
  0.5663      -0.937242        0.089262             0.962086         0.088881
  0.4511      -0.763531        0.367520             0.775242         3.040639
  0.4616      -0.792805        0.305006             0.818719         1.823987
  0.5232      -0.899680        0.142184             0.934805         0.215514
  0.5013      -0.875969        0.186293             0.912992         0.419642
  0.4857      -0.849516        0.224115             0.887742         0.803446
  0.3963      -0.554430        0.247564             0.358672         4.890800
  0.3806      -0.514570        0.188071             0.301820         3.714455
  0.4309      -0.686781        0.400426             0.633469         5.734639
  0.4410      -0.725602        0.364835             0.714844         3.931037
  0.3586      -0.460477        0.125918             0.221094         2.239072
  0.4204      -0.646148        0.366055             0.557477         5.986097
  0.4092      -0.598367        0.308491             0.459031         5.750880
  0.3151      -0.378648        0.079903             0.146500         0.897840
  0.4731      -0.824219        0.255622             0.862578         0.917867
  0.5674      -0.938961        0.098068             0.963289         0.088664
  0.4512      -0.764938        0.355190             0.775578         3.031783
  0.4617      -0.794016        0.306502             0.818664         1.990020
  0.5236      -0.901156        0.150589             0.935203         0.218025
  0.5016      -0.872344        0.195434             0.910070         0.503856
  0.4859      -0.848406        0.206207             0.890234         0.565432
  0.3965      -0.556773        0.262727             0.372656         4.921750
  0.3809      -0.503570        0.192967             0.275531         3.519554
  0.4311      -0.684492        0.392942             0.629867         5.609134
  0.4411      -0.727133        0.385554             0.713781         4.305239
  0.3590      -0.456219        0.134186             0.215594         2.415118
  0.4206      -0.642797        0.376218             0.548977         5.944684
  0.4093      -0.595289        0.329883             0.452828         5.750752
  0.3162      -0.378742        0.084011             0.146836         0.998785
  0.4733      -0.821992        0.251131             0.857078         1.163530
  0.5686      -0.938016        0.098216             0.962867         0.088758
  0.4514      -0.767023        0.340161             0.778742         2.793299
  0.4619      -0.794953        0.276924             0.818641         2.086452
  0.5240      -0.906516        0.144424             0.939320         0.209244
  0.5019      -0.875992        0.181168             0.912195         0.469012
  0.4861      -0.853031        0.221701             0.890883         0.737019
  0.3967      -0.555836        0.278708             0.367656         5.129439
  0.3811      -0.508734        0.179132             0.286562         3.617784
  0.4312      -0.685750        0.400452             0.630914         5.548479
  0.4413      -0.728250        0.351374             0.715914         3.924866
  0.3594      -0.461500        0.134911             0.217180         2.132715
  0.4208      -0.643828        0.358299             0.550758         5.856617
  0.4095      -0.600031        0.307053             0.458195         6.052048
  0.3173      -0.381281        0.081878             0.149227         1.030235
  0.4735      -0.827031        0.271102             0.863469         1.079448
  0.5698      -0.938203        0.101090             0.963031         0.090716
  0.4515      -0.767125        0.347765             0.782625         2.603299
  0.4621      -0.793102        0.341746             0.817187         2.129359
  0.5244      -0.904656        0.150301             0.936922         0.273376
  0.4863      -0.852180        0.219091             0.891617         0.643777
  0.5021      -0.876195        0.160587             0.915172         0.308646
  0.3970      -0.558734        0.246952             0.380883         5.120204
  0.3814      -0.510883        0.177384             0.283398         3.553976
  0.4314      -0.685086        0.410227             0.634531         5.634525
  0.4414      -0.731031        0.365942             0.725766         3.759406
  0.3598      -0.462227        0.136877             0.223164         2.449230
  0.4209      -0.645422        0.378645             0.557305         6.056852
  0.4097      -0.600688        0.327548             0.460516         5.914121
  0.3184      -0.380461        0.082491             0.150555         0.941852
  0.4736      -0.825969        0.245166             0.861883         1.143736
  0.5711      -0.937727        0.100399             0.962500         0.090577
  0.4517      -0.764938        0.352121             0.777602         2.783498
  0.4622      -0.798320        0.305948             0.829867         1.527923
  0.5249      -0.903914        0.135239             0.938203         0.189401
  0.4865      -0.852437        0.196724             0.892531         0.516383
  0.5024      -0.874227        0.174650             0.913680         0.358216
  0.3972      -0.557625        0.258327             0.368516         4.978498
  0.3817      -0.510977        0.202096             0.287187         3.689404
  0.4315      -0.691758        0.405764             0.645852         5.452313
  0.4416      -0.727523        0.392873             0.712594         4.092391
  0.3602      -0.462055        0.152638             0.226930         2.380596
  0.4211      -0.648414        0.320559             0.560117         5.891798
  0.4099      -0.598664        0.316706             0.449453         6.334733
  0.3194      -0.382055        0.087025             0.149141         1.047687
  0.4738      -0.826313        0.242932             0.861961         1.050998
  0.5724      -0.940359        0.100583             0.963820         0.098760
  0.4518      -0.767570        0.326886             0.781141         2.592560
  0.4624      -0.797602        0.283965             0.823234         1.741548
  0.5253      -0.901242        0.134550             0.935578         0.191148
  0.4867      -0.850180        0.210614             0.887750         0.644551
  0.5027      -0.878289        0.187104             0.916477         0.345479
  0.3974      -0.554398        0.245978             0.368297         4.847559
  0.3819      -0.506617        0.193491             0.279547         3.572316
  0.4317      -0.690297        0.371077             0.650570         4.659471
  0.4417      -0.730008        0.372334             0.722852         3.841201
  0.3606      -0.460828        0.148616             0.228711         2.246336
  0.4213      -0.648750        0.368501             0.568320         5.936508
  0.4100      -0.601008        0.304293             0.462492         5.699814
  0.3204      -0.387742        0.090850             0.158922         1.074240
  0.4740      -0.822641        0.236065             0.857336         0.961155
  0.5738      -0.940766        0.094145             0.965008         0.080513
  0.4520      -0.763891        0.341831             0.775937         2.795569
  0.4625      -0.798023        0.280607             0.825313         1.731615
  0.5257      -0.904492        0.145238             0.938531         0.180841
  0.4869      -0.847930        0.215425             0.885125         0.766403
  0.5030      -0.873125        0.194602             0.910695         0.428708
  0.3976      -0.555789        0.245044             0.360039         4.815152
  0.3822      -0.515141        0.182924             0.294711         3.573779
  0.4318      -0.688703        0.420399             0.642516         5.383898
  0.4419      -0.727250        0.410840             0.710352         4.543632
  0.3610      -0.460328        0.133341             0.219906         2.282382
  0.4214      -0.645383        0.359214             0.557000         5.683661
  0.4102      -0.601578        0.321974             0.474117         5.530741
  0.3214      -0.391445        0.087919             0.159812         1.149893
  0.4742      -0.823867        0.239378             0.861516         1.069376
  0.5752      -0.943008        0.092302             0.966453         0.077867
  0.4522      -0.772266        0.336904             0.787133         2.742971
  0.4627      -0.796906        0.284424             0.826562         1.642425
  0.4872      -0.851055        0.214442             0.890938         0.535991
  0.5262      -0.906922        0.151901             0.939547         0.216206
  0.5032      -0.877172        0.174009             0.916625         0.297526
  0.3978      -0.561961        0.251110             0.378172         5.240683
  0.4320      -0.695219        0.392642             0.659242         5.016367
  0.3824      -0.512977        0.184335             0.284281         3.521762
  0.4420      -0.730758        0.385583             0.721625         3.932101
  0.3614      -0.464453        0.134924             0.218336         2.206593
  0.4216      -0.646977        0.380205             0.552742         6.362155
  0.4104      -0.603047        0.321469             0.460359         6.101730
  0.3224      -0.392898        0.100781             0.161250         1.124786
  0.4744      -0.828641        0.275974             0.863641         1.245455
  0.5766      -0.944063        0.093374             0.966445         0.083569
  0.4523      -0.767750        0.339272             0.781352         2.725202
  0.4629      -0.802125        0.303947             0.832781         1.771468
  0.4874      -0.853688        0.198007             0.892813         0.598546
  0.5266      -0.903844        0.146487             0.937594         0.206296
  0.5035      -0.876695        0.170346             0.915523         0.302005
  0.3980      -0.555008        0.243145             0.367039         4.821613
  0.4321      -0.691578        0.383039             0.642656         5.315047
  0.3827      -0.511711        0.194719             0.289492         3.625861
  0.4422      -0.730297        0.356813             0.715586         4.245335
  0.3618      -0.464602        0.135299             0.222242         2.282136
  0.4217      -0.649211        0.381409             0.567305         5.492605
  0.4106      -0.600695        0.323465             0.455297         5.919818
  0.3233      -0.391344        0.092939             0.163367         1.185225
  0.4746      -0.827969        0.232059             0.866211         0.955600
  0.5781      -0.942516        0.099298             0.965602         0.090557
  0.4525      -0.764953        0.361603             0.777047         2.932312
  0.4630      -0.799633        0.296355             0.833219         1.471430
  0.4876      -0.854305        0.204897             0.892086         0.623707
  0.5271      -0.904852        0.145260             0.938281         0.198741
  0.5038      -0.875547        0.176195             0.914047         0.348933
  0.3982      -0.558367        0.234972             0.383055         4.955941
  0.4323      -0.694555        0.374278             0.646617         5.397437
  0.3830      -0.517477        0.199191             0.300547         3.915008
  0.4423      -0.728164        0.358271             0.718789         3.846393
  0.3622      -0.466297        0.135242             0.231898         2.406957
  0.4219      -0.647984        0.356596             0.555773         6.297476
  0.4107      -0.604594        0.305166             0.475664         5.626223
  0.3243      -0.395109        0.092691             0.163891         1.164221
  0.4747      -0.825898        0.254015             0.861742         1.029237
  0.5797      -0.943977        0.088767             0.966305         0.082447
  0.4526      -0.767273        0.335447             0.784016         2.548018
  0.4632      -0.800125        0.280399             0.832883         1.354725
  0.4878      -0.852766        0.214668             0.890742         0.767046
  0.5275      -0.906914        0.136627             0.940023         0.186690
  0.5041      -0.876687        0.171442             0.915312         0.334642
  0.3984      -0.559266        0.231383             0.370977         4.704964
  0.4324      -0.692750        0.389803             0.651141         4.859762
  0.3832      -0.517234        0.196055             0.294703         3.922690
  0.4425      -0.733359        0.358385             0.725891         3.709845
  0.3626      -0.465117        0.143118             0.229781         2.378606
  0.4220      -0.647828        0.394680             0.555625         6.272814
  0.4109      -0.602875        0.323063             0.471359         5.684857
  0.3252      -0.396031        0.093635             0.161133         1.250908
  0.4749      -0.831391        0.235534             0.870047         0.828921
  0.5813      -0.945305        0.085829             0.967352         0.077005
  0.4528      -0.768820        0.312221             0.785727         2.559929
  0.4634      -0.798289        0.290212             0.827211         1.591443
  0.4880      -0.853727        0.200056             0.894031         0.598538
  0.5280      -0.904734        0.149242             0.937937         0.211728
  0.5044      -0.879352        0.166979             0.917734         0.300552
  0.3986      -0.565391        0.265840             0.394547         5.139380
  0.4326      -0.696109        0.363401             0.653711         4.941253
  0.3835      -0.516992        0.187781             0.301648         3.987569
  0.4426      -0.736289        0.372711             0.733633         3.667149
  0.4222      -0.648203        0.368690             0.563258         5.974529
  0.3630      -0.469828        0.137561             0.244758         2.416912
  0.4111      -0.605391        0.331532             0.479609         5.682045
  0.3260      -0.396445        0.099735             0.165289         1.228242
  0.4751      -0.828883        0.247953             0.864570         1.083753
  0.5831      -0.946195        0.094240             0.968328         0.076412
  0.4529      -0.768836        0.355119             0.781398         2.905163
  0.4635      -0.802477        0.288625             0.834180         1.542020
  0.4882      -0.856133        0.196642             0.894070         0.629111
  0.5285      -0.908570        0.149323             0.940992         0.194643
  0.5047      -0.878219        0.187538             0.915875         0.321964
  0.3988      -0.561539        0.267638             0.380969         5.319160
  0.4327      -0.690883        0.393814             0.644086         5.266939
  0.3837      -0.516117        0.199796             0.300148         3.656141
  0.4428      -0.734266        0.368287             0.727539         3.956248
  0.4224      -0.655070        0.373859             0.571578         5.942017
  0.3633      -0.471523        0.158683             0.233445         2.538297
  0.4113      -0.608398        0.315626             0.471305         5.837638
  0.3269      -0.400734        0.099410             0.171508         1.304214
  0.4753      -0.827211        0.272628             0.862883         1.112678
  0.5848      -0.949328        0.087165             0.970531         0.066811
  0.4531      -0.770844        0.342119             0.783648         2.712480
  0.4637      -0.800492        0.294525             0.831148         1.557033
  0.4885      -0.855516        0.199510             0.895867         0.518387
  0.5289      -0.910070        0.138130             0.943109         0.176626
  0.5049      -0.880898        0.164601             0.918891         0.318025
  0.3990      -0.561211        0.274497             0.370977         5.496048
  0.4329      -0.698039        0.394710             0.658000         5.133732
  0.3840      -0.518469        0.215152             0.303250         4.250526
  0.4429      -0.735680        0.372990             0.727406         3.975536
  0.4225      -0.654766        0.409696             0.577539         5.855072
  0.3637      -0.468156        0.156152             0.230813         2.354935
  0.4114      -0.605992        0.343838             0.477078         6.021847
  0.3278      -0.402320        0.098955             0.172563         1.308518
  0.4755      -0.829156        0.255624             0.864297         1.038725
  0.5867      -0.949031        0.086612             0.970313         0.063978
  0.4532      -0.771414        0.318487             0.785789         2.640335
  0.4639      -0.800602        0.293660             0.830789         1.605289
  0.4887      -0.858164        0.201949             0.896633         0.587983
  0.5294      -0.908742        0.146537             0.940703         0.208344
  0.5052      -0.881289        0.172217             0.919539         0.293565
  0.3992      -0.561867        0.247907             0.380391         5.182714
  0.4330      -0.695133        0.398134             0.647500         5.336081
  0.3842      -0.518273        0.194719             0.306625         3.928988
  0.4431      -0.734242        0.394195             0.721531         4.232428
  0.3641      -0.469430        0.144282             0.226789         2.407269
  0.4227      -0.653758        0.364146             0.567742         5.763533
  0.4116      -0.606719        0.329651             0.476867         5.885620
  0.3286      -0.401047        0.092844             0.168867         1.302929
  0.4757      -0.829977        0.228272             0.867164         0.915394
  0.5887      -0.948281        0.084515             0.969930         0.064857
  0.4534      -0.772414        0.325693             0.789523         2.533234
  0.4640      -0.802211        0.295394             0.831172         1.709505
  0.4889      -0.852352        0.215133             0.889891         0.799585
  0.5299      -0.909328        0.125107             0.941562         0.170506
  0.5055      -0.879977        0.180570             0.916836         0.451296
  0.3994      -0.562828        0.271272             0.382375         5.107172
  0.4332      -0.699797        0.387958             0.665930         4.570361
  0.3845      -0.515086        0.177142             0.299734         3.707701
  0.4432      -0.735094        0.372992             0.728586         3.855145
  0.3644      -0.471750        0.140637             0.227211         2.263224
  0.4228      -0.654078        0.372303             0.575227         5.762483
  0.4118      -0.606008        0.363847             0.467992         6.146833
  0.3294      -0.403703        0.089379             0.171844         1.303663
  0.4758      -0.833773        0.235984             0.870820         0.931660
  0.5907      -0.949562        0.091454             0.970297         0.072056
  0.4535      -0.768570        0.311845             0.788203         2.385218
  0.4642      -0.804188        0.289152             0.833406         1.635297
  0.4891      -0.857070        0.186235             0.896422         0.482158
  0.5304      -0.908023        0.134006             0.941312         0.178993
  0.5058      -0.881781        0.179593             0.919852         0.337420
  0.3996      -0.566570        0.262022             0.378727         5.133977
  0.4333      -0.697531        0.383362             0.659844         4.743824
  0.3847      -0.522898        0.205947             0.306625         3.822441
  0.4434      -0.737047        0.377664             0.732898         3.624656
  0.3648      -0.469336        0.164116             0.229937         2.616620
  0.4230      -0.646047        0.376034             0.556672         5.886772
  0.4120      -0.607383        0.337737             0.466961         6.240581
  0.3302      -0.403930        0.098702             0.165211         1.247981
  0.4760      -0.831117        0.229519             0.869492         0.965014
  0.5929      -0.950531        0.084850             0.971047         0.067285
  0.4537      -0.772687        0.325096             0.791664         2.421099
  0.4643      -0.801641        0.301241             0.831133         1.683084
  0.4893      -0.856695        0.214236             0.895414         0.549942
  0.5309      -0.908813        0.137493             0.942227         0.164006
  0.5061      -0.879219        0.176308             0.917422         0.314258
  0.3998      -0.564250        0.268438             0.384117         5.141848
  0.4335      -0.696594        0.400069             0.654383         5.389917
  0.3850      -0.519258        0.188026             0.301187         3.902248
  0.4435      -0.739086        0.340568             0.739508         3.566181
  0.4232      -0.647352        0.393633             0.564531         5.767437
  0.3652      -0.473828        0.161147             0.233273         2.499601
  0.4121      -0.608805        0.317829             0.471031         6.036960
  0.3310      -0.404711        0.087446             0.164008         1.182364
  0.4762      -0.830656        0.238426             0.870414         0.744242
  0.5952      -0.950773        0.085582             0.970883         0.067704
  0.4538      -0.773156        0.308513             0.791961         2.274028
  0.4896      -0.856547        0.206797             0.896234         0.633374
  0.4645      -0.803562        0.258810             0.835336         1.328851
  0.5313      -0.908016        0.148111             0.940039         0.198270
  0.5064      -0.881055        0.173241             0.919125         0.323448
  0.4000      -0.565312        0.286668             0.384094         5.328679
  0.4336      -0.697930        0.382949             0.664586         4.988771
  0.3852      -0.521898        0.212645             0.313219         4.035153
  0.4437      -0.737492        0.378448             0.731539         3.867809
  0.4233      -0.655180        0.364472             0.580016         5.641309
  0.3655      -0.474992        0.158607             0.236977         2.762296
  0.4123      -0.608625        0.318252             0.480133         5.851305
  0.3317      -0.405133        0.094063             0.168336         1.269240
  0.4764      -0.831320        0.243534             0.867281         1.111928
  0.5977      -0.953977        0.075008             0.973281         0.059001
  0.4540      -0.776797        0.338344             0.794266         2.566171
  0.4898      -0.858008        0.189656             0.898352         0.447619
  0.4647      -0.806867        0.289098             0.838477         1.608949
  0.5318      -0.910781        0.130971             0.942844         0.166387
  0.5067      -0.880305        0.166207             0.917594         0.320655
  0.4002      -0.565281        0.259481             0.383758         5.085329
  0.4338      -0.696703        0.409130             0.655914         5.426967
  0.3855      -0.520312        0.192525             0.306531         3.814411
  0.4438      -0.732789        0.380029             0.724102         4.091161
  0.4235      -0.653023        0.365726             0.562641         6.200443
  0.3659      -0.474320        0.140357             0.238531         2.683307
  0.4125      -0.610633        0.343368             0.493914         5.829876
  0.3325      -0.405898        0.100772             0.171563         1.348043
  0.4766      -0.830500        0.232676             0.868266         0.836513
  0.6003      -0.953562        0.082070             0.973063         0.058469
  0.4542      -0.774344        0.317585             0.790859         2.630012
  0.4900      -0.856273        0.185320             0.897367         0.400332
  0.4648      -0.807047        0.289080             0.835969         1.869721
  0.5324      -0.910430        0.128850             0.942609         0.164482
  0.5070      -0.881547        0.181175             0.919180         0.367459
  0.4004      -0.568773        0.281298             0.392930         5.471548
  0.4339      -0.693750        0.371646             0.650766         5.266715
  0.3857      -0.522844        0.203732             0.313758         4.023688
  0.4440      -0.741555        0.353730             0.743031         3.436824
  0.4236      -0.657414        0.409215             0.582281         5.875176
  0.3662      -0.477320        0.158496             0.240344         2.653362
  0.4127      -0.613875        0.333542             0.487266         6.159897
  0.3332      -0.409875        0.095416             0.172922         1.382983
  0.4768      -0.832547        0.239657             0.870125         0.891960
  0.6031      -0.957352        0.074271             0.975242         0.054924
  0.4543      -0.772859        0.337112             0.792781         2.675988
  0.4902      -0.853859        0.201639             0.894133         0.516536
  0.4650      -0.804312        0.301099             0.835414         1.708960
  0.5329      -0.910516        0.117121             0.943266         0.150814
  0.5073      -0.881391        0.172974             0.918852         0.329252
  0.4006      -0.570242        0.293447             0.396836         5.434863
  0.4341      -0.701766        0.400362             0.662969         5.495101
  0.3860      -0.523328        0.196161             0.307789         3.934557
  0.4441      -0.741695        0.388642             0.738258         3.732556
  0.4238      -0.659438        0.369947             0.578102         5.843543
  0.3666      -0.473883        0.151073             0.233109         2.514865
  0.4128      -0.609969        0.338196             0.481906         5.987689
  0.3340      -0.410273        0.105716             0.171813         1.368368
  0.4770      -0.831383        0.231809             0.871133         0.883712
  0.6062      -0.957187        0.078316             0.975109         0.061638
  0.4545      -0.771836        0.329545             0.791461         2.395557
  0.4905      -0.857555        0.201445             0.897539         0.521671
  0.4652      -0.798844        0.301561             0.827461         1.865845
  0.5334      -0.911352        0.132784             0.943555         0.164434
  0.5076      -0.881641        0.166130             0.920961         0.253136
  0.4008      -0.572070        0.274717             0.414102         5.085935
  0.4342      -0.700195        0.397132             0.657687         5.223901
  0.3862      -0.526852        0.209390             0.320953         3.857972
  0.4443      -0.737227        0.378590             0.732828         3.732947
  0.4239      -0.657617        0.388367             0.578438         6.021491
  0.3669      -0.475875        0.156960             0.246352         2.744444
  0.4130      -0.614055        0.326300             0.496508         5.860523
  0.3347      -0.410008        0.099974             0.166531         1.294728
  0.4771      -0.830734        0.242643             0.868211         1.035942
  0.6095      -0.957516        0.076641             0.975578         0.055861
  0.4546      -0.774633        0.336385             0.787320         2.712538
  0.4907      -0.857195        0.194892             0.896563         0.543329
  0.4653      -0.806047        0.289426             0.837789         1.553018
  0.5339      -0.911102        0.124123             0.943586         0.190180
  0.5079      -0.885789        0.168163             0.922383         0.292242
  0.4010      -0.570430        0.291442             0.409695         5.221826
  0.4344      -0.702016        0.388824             0.671398         4.827714
  0.3865      -0.526375        0.215855             0.315836         4.088298
  0.4444      -0.736750        0.366333             0.734812         3.607836
  0.4241      -0.655523        0.375321             0.576195         6.032358
  0.3673      -0.474016        0.148322             0.235344         2.554933
  0.4132      -0.619516        0.340847             0.502891         5.919092
  0.3354      -0.414109        0.110174             0.177516         1.421217
  0.4773      -0.832281        0.236094             0.871023         0.860084
  0.6131      -0.959836        0.071244             0.976852         0.049724
  0.4548      -0.776359        0.314380             0.797844         2.126315
  0.4909      -0.858930        0.197283             0.898633         0.494117
  0.4655      -0.806469        0.286339             0.839602         1.307877
  0.5344      -0.912305        0.144290             0.943477         0.207502
  0.5082      -0.885047        0.164037             0.922211         0.288304
  0.4012      -0.572664        0.271075             0.397234         5.421239
  0.4345      -0.703672        0.380971             0.676469         4.645090
  0.3867      -0.522062        0.205031             0.313828         3.948412
  0.4446      -0.740234        0.377425             0.741547         3.360245
  0.4243      -0.665180        0.387092             0.592938         5.892104
  0.3676      -0.477703        0.152927             0.244438         2.466030
  0.4133      -0.615773        0.352910             0.486742         6.067824
  0.3361      -0.416039        0.096947             0.178102         1.409646
  0.4775      -0.833906        0.232777             0.873516         0.754637
  0.6171      -0.960414        0.071944             0.977352         0.050734
  0.4549      -0.774937        0.335833             0.794203         2.498877
  0.4911      -0.858727        0.195928             0.899023         0.458034
  0.4657      -0.807984        0.279157             0.839883         1.433059
  0.5350      -0.914250        0.132570             0.945852         0.158129
  0.5085      -0.882586        0.159965             0.919773         0.284530
  0.4014      -0.567367        0.280315             0.384648         5.484299
  0.4347      -0.702891        0.391750             0.673766         4.691513
  0.3869      -0.523625        0.213264             0.304328         4.146155
  0.4447      -0.738148        0.364193             0.731070         3.943121
  0.4244      -0.661687        0.382479             0.593000         5.886727
  0.3680      -0.479039        0.147188             0.236453         2.530284
  0.4135      -0.614109        0.351068             0.486672         6.135882
  0.3368      -0.413758        0.103911             0.171937         1.499314
  0.4777      -0.831891        0.250098             0.867758         1.047644
  0.6215      -0.962914        0.067298             0.978875         0.044467
  0.4551      -0.774922        0.339459             0.791719         2.471126
  0.4914      -0.861977        0.202674             0.901789         0.479625
  0.4658      -0.805555        0.269042             0.839914         1.211815
  0.5355      -0.914016        0.117914             0.945570         0.144752
  0.5088      -0.882836        0.180048             0.919273         0.328727
  0.4016      -0.573937        0.263694             0.407156         5.384764
  0.4348      -0.708313        0.398025             0.675000         5.077352
  0.3872      -0.529445        0.202462             0.329094         3.855534
  0.4449      -0.744414        0.362965             0.734398         4.061956
  0.4246      -0.659039        0.369132             0.586305         5.616808
  0.3683      -0.477531        0.148062             0.233766         2.624653
  0.4137      -0.613008        0.309356             0.485602         5.574482
  0.3374      -0.415367        0.107828             0.175742         1.369873
  0.4779      -0.830828        0.242418             0.867320         1.022684
  0.6266      -0.964016        0.069191             0.979477         0.052153
  0.4552      -0.775922        0.331033             0.793180         2.579904
  0.4916      -0.864656        0.184232             0.904711         0.432925
  0.4660      -0.807281        0.286956             0.836719         1.669789
  0.5361      -0.913570        0.120966             0.945141         0.141812
  0.5092      -0.882609        0.162276             0.921250         0.277957
  0.4018      -0.575234        0.289553             0.416898         5.303082
  0.4350      -0.700445        0.358811             0.667664         4.649923
  0.3874      -0.525742        0.192604             0.309359         3.790302
  0.4450      -0.742594        0.377328             0.735594         4.064209
  0.4247      -0.661813        0.379329             0.588523         5.756769
  0.3686      -0.480063        0.151332             0.242781         2.677588
  0.4138      -0.616539        0.337698             0.488836         6.209639
  0.3381      -0.418625        0.101653             0.177625         1.404725
  0.4781      -0.830266        0.250621             0.868680         0.875376
  0.6324      -0.967281        0.061400             0.981641         0.036591
  0.4554      -0.779844        0.321803             0.799398         2.133593
  0.4918      -0.857016        0.195853             0.896711         0.485129
  0.4662      -0.806961        0.310291             0.836852         1.598376
  0.5366      -0.915078        0.121588             0.946492         0.137970
  0.5095      -0.881969        0.169235             0.919828         0.316439
  0.4019      -0.570328        0.267926             0.400750         5.143322
  0.4351      -0.706867        0.387360             0.679516         4.657310
  0.3877      -0.525633        0.222101             0.322258         4.169896
  0.4452      -0.741836        0.375245             0.736484         3.836315
  0.4249      -0.657102        0.384432             0.579281         5.856637
  0.3690      -0.478453        0.163208             0.244211         2.808448
  0.4140      -0.618508        0.345799             0.497086         6.270119
  0.3387      -0.415984        0.107587             0.180453         1.516998
  0.4783      -0.833492        0.246700             0.870695         0.907958
  0.6392      -0.967820        0.060186             0.981922         0.036368
  0.4555      -0.774773        0.321439             0.793180         2.327601
  0.4921      -0.860062        0.216099             0.898914         0.554601
  0.4663      -0.807937        0.274583             0.838180         1.439574
  0.5372      -0.915937        0.131355             0.947195         0.148724
  0.5098      -0.884766        0.159183             0.922766         0.268027
  0.4021      -0.571367        0.269450             0.403969         5.347254
  0.4353      -0.703797        0.360805             0.677094         4.492681
  0.3879      -0.533070        0.220209             0.333086         4.339067
  0.4453      -0.743266        0.371652             0.739328         3.597452
  0.3693      -0.481781        0.144751             0.249406         2.763581
  0.4250      -0.664203        0.392052             0.599180         5.644408
  0.4142      -0.614812        0.334333             0.490352         6.053435
  0.3394      -0.421297        0.119471             0.182977         1.591254
  0.4785      -0.834273        0.242194             0.872695         0.865593
  0.6476      -0.971508        0.053916             0.984156         0.031414
  0.4557      -0.777945        0.332138             0.800352         2.247597
  0.4923      -0.860305        0.219588             0.900523         0.469814
  0.4665      -0.812602        0.283127             0.841430         1.822068
  0.5378      -0.914687        0.125236             0.945844         0.145825
  0.5101      -0.884695        0.172622             0.920687         0.391188
  0.4023      -0.576617        0.284896             0.413492         5.705283
  0.4354      -0.704242        0.395342             0.667875         5.452205
  0.3881      -0.528250        0.192282             0.318227         4.035529
  0.4455      -0.743266        0.368761             0.739141         3.770237
  0.3696      -0.479320        0.151940             0.242078         2.530513
  0.4252      -0.665711        0.394785             0.590625         6.011737
  0.4144      -0.615852        0.345391             0.486672         6.312208
  0.3400      -0.418539        0.105823             0.184414         1.464970
  0.4787      -0.832719        0.231732             0.872359         0.734608
  0.6585      -0.973758        0.049004             0.985391         0.027653
  0.4559      -0.779500        0.310269             0.803063         2.200978
  0.4925      -0.861586        0.186923             0.901820         0.421764
  0.4667      -0.808445        0.272822             0.841984         1.286865
  0.5383      -0.915352        0.126794             0.945453         0.182528
  0.5104      -0.885641        0.170035             0.921969         0.350598
  0.4025      -0.575031        0.298268             0.402945         5.812758
  0.4356      -0.707320        0.398844             0.681031         4.836449
  0.3884      -0.526086        0.190170             0.316750         3.945067
  0.4456      -0.743664        0.378684             0.743656         3.473296
  0.3700      -0.478109        0.158745             0.245102         2.733406
  0.4254      -0.661734        0.389837             0.584969         6.034492
  0.4145      -0.619141        0.324090             0.503430         5.852229
  0.3406      -0.422016        0.116970             0.183320         1.549745
  0.4789      -0.834578        0.223689             0.873953         0.874330
  1.0000      -0.998625        0.005740             0.999297         0.001562
  0.4560      -0.778477        0.314981             0.800820         2.169387
  0.4928      -0.860422        0.213006             0.897437         0.613488
  0.4668      -0.805734        0.271834             0.837352         1.445511
  0.5389      -0.917016        0.132320             0.946727         0.197736
  0.5107      -0.885500        0.182363             0.922008         0.328778
  0.4027      -0.570008        0.264771             0.400406         4.923041
  0.4357      -0.701539        0.396516             0.666586         4.940826
  0.3886      -0.531156        0.211151             0.319969         4.317715
  0.4458      -0.742133        0.368712             0.740297         3.629106
  0.3703      -0.485289        0.158370             0.252008         2.898152
  0.4255      -0.669500        0.397634             0.608750         5.579519
  0.4147      -0.614219        0.330514             0.489438         5.770106
  0.3412      -0.425539        0.111303             0.183078         1.567790
  0.4562      -0.776672        0.320045             0.794195         2.339221
  0.4670      -0.808422        0.279589             0.841375         1.462464
  0.4029      -0.573383        0.271713             0.397945         5.473479
  0.4359      -0.704539        0.389177             0.677188         4.494921
  0.3888      -0.530664        0.210402             0.330281         4.163694
  0.4459      -0.742227        0.363456             0.737602         3.830958
  0.3706      -0.486812        0.166522             0.256906         2.946759
  0.4257      -0.660234        0.361538             0.585922         5.722190
  0.4149      -0.616656        0.343364             0.491969         5.836927
  0.3418      -0.426250        0.116233             0.187078         1.608481
