    beta         energy       spec-heat           abs-magnet          suscept
  0.4563      -0.779591        0.338462             0.797473         3.449588
  0.4790      -0.837281        0.236345             0.875607         0.855746
  0.4360      -0.695886        0.480768             0.596727        16.979316
  0.5395      -0.917130        0.129086             0.947746         0.154922
  0.4930      -0.861961        0.198254             0.900956         0.506297
  0.4672      -0.809350        0.289484             0.839793         2.296925
  0.4258      -0.642745        0.413804             0.416481        20.679702
  0.3709      -0.482330        0.149557             0.122781         3.101572
  0.4461      -0.740746        0.426762             0.715558         9.421967
  0.3891      -0.524885        0.187000             0.162233         5.538969
  0.5111      -0.887640        0.163810             0.924258         0.281489
  0.3424      -0.425978        0.108955             0.092040         1.696224
  0.4150      -0.599469        0.300830             0.293769        14.852167
  0.4031      -0.562608        0.232339             0.215731         9.257814
  0.0000      -0.035156        0.000000             0.035156         0.000000
  0.5401      -0.917503        0.126925             0.947968         0.153980
  0.4792      -0.836951        0.234642             0.875745         0.821947
  0.4565      -0.779337        0.346697             0.793647         4.313246
  0.4932      -0.862974        0.195976             0.902198         0.481830
  0.4362      -0.693601        0.483544             0.583217        18.761667
  0.4674      -0.810709        0.278317             0.843770         1.548983
  0.4260      -0.644865        0.417956             0.433367        20.185337
  0.5114      -0.888218        0.159480             0.924895         0.279233
  0.4462      -0.741180        0.444199             0.714903         9.753282
  0.3893      -0.525047        0.181871             0.163261         5.518582
  0.3713      -0.484584        0.152323             0.125578         3.252389
  0.3430      -0.426523        0.109664             0.092546         1.656897
  0.4152      -0.601037        0.311791             0.304203        15.266789
  0.4033      -0.562657        0.239003             0.215732         9.242202
  0.2077      -0.223724        0.026891             0.043589         0.234306
  0.4566      -0.780461        0.342400             0.798336         3.561283
  0.5407      -0.918318        0.122815             0.948681         0.149055
  0.4794      -0.837540        0.240370             0.876251         0.805721
  0.5117      -0.888346        0.161861             0.924866         0.280002
  0.4363      -0.696414        0.476117             0.597653        16.770527
  0.4675      -0.811456        0.268859             0.845546         1.352025
  0.4261      -0.645303        0.417740             0.429011        21.063675
  0.4464      -0.741651        0.420199             0.717277         9.403211
  0.3895      -0.526064        0.185911             0.163978         5.618710
  0.4935      -0.863027        0.193646             0.902165         0.483692
  0.3436      -0.427501        0.111156             0.091946         1.673164
  0.4035      -0.563257        0.234160             0.218269         9.508563
  0.3716      -0.484527        0.150178             0.125341         3.303872
  0.4154      -0.601166        0.304415             0.302683        15.061265
  0.2229      -0.242687        0.032017             0.045839         0.273769
  0.5414      -0.918438        0.124316             0.948801         0.146257
  0.4568      -0.780123        0.347052             0.796089         3.930243
  0.5121      -0.888859        0.159574             0.925232         0.284973
  0.4677      -0.811284        0.277958             0.844101         1.664141
  0.4365      -0.695170        0.473412             0.591991        17.501954
  0.4796      -0.837995        0.232060             0.876935         0.790680
  0.4465      -0.742950        0.425808             0.720804         9.118320
  0.4263      -0.646637        0.411830             0.435465        20.513114
  0.4937      -0.863045        0.195117             0.902147         0.466187
  0.3898      -0.526410        0.185709             0.163869         5.602773
  0.3442      -0.428580        0.108364             0.093216         1.725027
  0.4037      -0.564052        0.236066             0.217233         9.554799
  0.3719      -0.484702        0.151395             0.125086         3.274471
  0.4155      -0.602396        0.318129             0.307172        15.690465
  0.2337      -0.257143        0.035160             0.048507         0.313855
  0.5420      -0.919248        0.125777             0.949324         0.146634
  0.4570      -0.780546        0.340583             0.796759         3.963666
  0.5124      -0.889370        0.164502             0.925819         0.279663
  0.4679      -0.811718        0.269330             0.845093         1.527243
  0.4366      -0.698503        0.461845             0.605938        15.851536
  0.4467      -0.743023        0.438782             0.717995        10.050699
  0.4939      -0.863557        0.199550             0.902868         0.473309
  0.4264      -0.647283        0.412450             0.439665        19.990693
  0.3900      -0.527090        0.186247             0.163174         5.516354
  0.4798      -0.837918        0.231963             0.876431         0.820038
  0.3447      -0.429075        0.110743             0.093297         1.724633
  0.4039      -0.565398        0.240969             0.220079         9.616365
  0.4157      -0.601586        0.311145             0.299143        15.209507
  0.3722      -0.485980        0.153235             0.125584         3.392707
  0.2421      -0.267485        0.039093             0.049601         0.341064
  0.5426      -0.919411        0.122944             0.949490         0.143436
  0.4571      -0.780466        0.342545             0.795695         4.140554
  0.4680      -0.811879        0.273199             0.844658         1.684182
  0.5127      -0.889537        0.166915             0.925708         0.289815
  0.4368      -0.696940        0.480309             0.595024        17.489928
  0.4468      -0.743806        0.413634             0.722992         8.988709
  0.4942      -0.863641        0.188766             0.902678         0.488210
  0.4266      -0.647762        0.425906             0.443884        20.385061
  0.4800      -0.838509        0.232343             0.877338         0.790493
  0.3902      -0.528041        0.193273             0.167272         5.893783
  0.3453      -0.430824        0.112320             0.094887         1.784912
  0.4040      -0.565157        0.241849             0.221587         9.749985
  0.3725      -0.486356        0.152711             0.127793         3.373580
  0.4159      -0.603219        0.316122             0.310449        15.647511
  0.2490      -0.277744        0.042047             0.050954         0.384202
  0.5131      -0.890209        0.161105             0.926544         0.274480
  0.4573      -0.780965        0.343644             0.797209         3.947349
  0.5433      -0.920171        0.123946             0.949979         0.142731
  0.4682      -0.812354        0.279346             0.846532         1.408692
  0.4944      -0.863927        0.195601             0.903080         0.471176
  0.4369      -0.698671        0.483391             0.606398        16.080437
  0.4470      -0.744999        0.417243             0.728882         8.185584
  0.4268      -0.646567        0.423932             0.433718        20.624704
  0.4802      -0.839312        0.228906             0.878176         0.793641
  0.3905      -0.528909        0.192007             0.171365         5.978828
  0.3459      -0.432071        0.110393             0.094097         1.748333
  0.4042      -0.564840        0.239333             0.221854         9.603782
  0.4160      -0.603765        0.317920             0.313936        15.431327
  0.3728      -0.487069        0.153768             0.128650         3.389316
  0.2548      -0.285135        0.044449             0.052790         0.413518
  0.5134      -0.890574        0.160546             0.926788         0.274673
  0.4574      -0.782355        0.339866             0.800375         3.915506
  0.4947      -0.864616        0.190714             0.903992         0.441115
  0.4684      -0.813273        0.271423             0.846720         1.471668
  0.5439      -0.920168        0.121369             0.950041         0.142235
  0.4371      -0.698737        0.471017             0.598277        17.566862
  0.4471      -0.745842        0.405969             0.729871         8.388387
  0.4269      -0.648312        0.418276             0.443270        19.872076
  0.4804      -0.839124        0.234183             0.877413         0.830523
  0.4162      -0.604186        0.308090             0.304589        15.424612
  0.3907      -0.529061        0.191563             0.168045         5.801784
  0.4044      -0.566622        0.238016             0.225622         9.697390
  0.3464      -0.433287        0.113495             0.096339         1.819635
  0.3731      -0.487960        0.151469             0.128156         3.470435
  0.2599      -0.292725        0.046904             0.053680         0.434120
  0.5137      -0.890459        0.166904             0.926532         0.290932
  0.4576      -0.783405        0.322971             0.804515         2.741962
  0.4949      -0.865078        0.192067             0.904181         0.436824
  0.4685      -0.813793        0.272039             0.848211         1.308195
  0.4372      -0.698749        0.484692             0.600397        17.235855
  0.4473      -0.745568        0.416427             0.727081         8.409744
  0.4271      -0.648204        0.426075             0.443663        20.059076
  0.5446      -0.921564        0.122491             0.951052         0.139922
  0.4806      -0.839922        0.227698             0.878837         0.742706
  0.4164      -0.604642        0.322691             0.313620        15.793278
  0.3909      -0.529459        0.192700             0.166610         5.854047
  0.4046      -0.567100        0.239977             0.223422         9.911192
  0.3469      -0.433760        0.113052             0.094928         1.797458
  0.3735      -0.488306        0.151910             0.125939         3.405192
  0.2643      -0.298708        0.048536             0.055314         0.481639
  0.5141      -0.891164        0.160939             0.927365         0.262191
  0.4577      -0.784931        0.312338             0.808212         2.419931
  0.4952      -0.865361        0.199783             0.904189         0.481695
  0.4687      -0.813849        0.270585             0.847307         1.465592
  0.4374      -0.699007        0.482216             0.602072        17.044379
  0.4474      -0.744354        0.430209             0.720822         9.605515
  0.5453      -0.921942        0.120015             0.951295         0.139831
  0.4272      -0.649130        0.412351             0.443611        20.354148
  0.4808      -0.840567        0.225882             0.879615         0.752477
  0.4165      -0.604865        0.312753             0.309431        15.216672
  0.4048      -0.566931        0.243777             0.227322         9.962897
  0.3475      -0.434526        0.113724             0.095813         1.820222
  0.3911      -0.529912        0.190276             0.168747         6.005389
  0.3738      -0.489211        0.155294             0.129450         3.526623
  0.2683      -0.304196        0.052443             0.056287         0.502003
  0.5144      -0.891513        0.163210             0.927411         0.278500
  0.4579      -0.784372        0.316470             0.806694         2.479925
  0.4689      -0.814356        0.270075             0.849169         1.334442
  0.4954      -0.865841        0.189479             0.904831         0.446579
  0.4476      -0.746725        0.409492             0.728692         8.598838
  0.4375      -0.701442        0.466420             0.609463        16.807839
  0.5460      -0.921987        0.120839             0.951264         0.139178
  0.4274      -0.650754        0.425890             0.454381        20.417870
  0.4810      -0.840813        0.230877             0.879657         0.744843
  0.4167      -0.605089        0.317733             0.312179        15.611950
  0.4050      -0.567981        0.243075             0.224322         9.962434
  0.3480      -0.435589        0.116550             0.096325         1.833056
  0.3914      -0.531185        0.194052             0.171446         6.211649
  0.3741      -0.490185        0.149974             0.130132         3.499102
  0.2719      -0.309113        0.053918             0.057553         0.527265
  0.5148      -0.891919        0.161160             0.928086         0.258851
  0.4581      -0.784223        0.328986             0.804464         3.165402
  0.4691      -0.814227        0.277622             0.847174         1.630900
  0.4956      -0.866244        0.190169             0.905465         0.430664
  0.5467      -0.922623        0.120768             0.951909         0.133653
  0.4377      -0.701322        0.478214             0.608465        16.465897
  0.4477      -0.747321        0.424216             0.731016         8.443559
  0.4275      -0.650817        0.426037             0.448877        20.372187
  0.4812      -0.841047        0.229226             0.879734         0.761088
  0.4169      -0.606086        0.323053             0.311954        15.801524
  0.3485      -0.437221        0.118920             0.096376         1.845311
  0.3916      -0.531514        0.195033             0.169943         6.061999
  0.4052      -0.568530        0.247109             0.225376        10.304060
  0.3744      -0.490424        0.158674             0.130078         3.538512
  0.2752      -0.314822        0.056909             0.058537         0.534676
  0.5151      -0.892114        0.155098             0.928169         0.252454
  0.4582      -0.784975        0.321634             0.806511         2.880683
  0.4692      -0.815683        0.271518             0.849577         1.425260
  0.4959      -0.866529        0.189960             0.905564         0.444712
  0.5474      -0.923522        0.119625             0.952432         0.134465
  0.4479      -0.747631        0.412724             0.729141         8.745433
  0.4378      -0.701418        0.481452             0.605542        17.659260
  0.4814      -0.841782        0.227047             0.880523         0.765718
  0.4277      -0.652222        0.438604             0.454335        20.722246
  0.4170      -0.606569        0.325019             0.315501        15.906749
  0.3490      -0.437950        0.118490             0.098570         1.900741
  0.3918      -0.531686        0.194964             0.170671         5.822145
  0.4054      -0.569197        0.247171             0.231555        10.333837
  0.3747      -0.491455        0.153587             0.130809         3.567344
  0.2783      -0.319329        0.056048             0.058589         0.564916
  0.5155      -0.893176        0.159715             0.928932         0.263182
  0.4584      -0.785267        0.331044             0.806119         3.125938
  0.4694      -0.815320        0.270257             0.849586         1.404769
  0.4961      -0.866834        0.193151             0.905822         0.442016
  0.5481      -0.924051        0.118145             0.952807         0.131303
  0.4480      -0.747710        0.419701             0.731843         8.233875
  0.4380      -0.703870        0.478356             0.619109        15.926439
  0.4816      -0.841524        0.228614             0.880092         0.767312
  0.4278      -0.654073        0.440833             0.460779        20.875775
  0.4172      -0.608398        0.333689             0.322683        16.151131
  0.3495      -0.438572        0.116891             0.096862         1.858518
  0.3920      -0.532474        0.195677             0.171312         6.037066
  0.4055      -0.569268        0.245906             0.229061        10.265326
  0.3750      -0.492140        0.157783             0.131818         3.626555
  0.2811      -0.323014        0.058779             0.059695         0.579027
  0.5158      -0.893349        0.155231             0.928976         0.255189
  0.4585      -0.786009        0.326317             0.806503         3.291550
  0.4696      -0.816359        0.271343             0.851270         1.323045
  0.4964      -0.867410        0.190565             0.906045         0.441228
  0.5489      -0.924026        0.117452             0.952762         0.131816
  0.4482      -0.749160        0.409301             0.736365         7.854577
  0.4381      -0.704608        0.482595             0.616970        16.934538
  0.4818      -0.842229        0.227532             0.881232         0.731821
  0.4280      -0.653301        0.433939             0.452311        20.794948
  0.4174      -0.608479        0.323832             0.319761        16.151188
  0.3922      -0.533735        0.195374             0.175180         6.261896
  0.3500      -0.439815        0.119798             0.098537         1.949027
  0.4057      -0.571189        0.245863             0.226340        10.070689
  0.3753      -0.492489        0.157060             0.130751         3.601476
  0.2837      -0.327029        0.060586             0.061008         0.620641
  0.5162      -0.893458        0.160108             0.929023         0.262110
  0.4587      -0.786447        0.324045             0.807341         3.145966
  0.4698      -0.816214        0.267672             0.851039         1.305484
  0.4966      -0.867846        0.189245             0.906632         0.429282
  0.5496      -0.925184        0.116498             0.953596         0.130722
  0.4483      -0.750911        0.395560             0.741676         6.960379
  0.4820      -0.842565        0.226269             0.881304         0.731637
  0.4383      -0.704151        0.485464             0.615330        16.504088
  0.4281      -0.655317        0.434860             0.463326        20.557024
  0.4175      -0.609448        0.327179             0.323772        16.366317
  0.3925      -0.533427        0.197760             0.172583         6.031319
  0.4059      -0.570260        0.248332             0.231088        10.286888
  0.3505      -0.441666        0.120033             0.097907         1.960793
  0.3756      -0.493731        0.161504             0.132801         3.685834
  0.2862      -0.330641        0.060776             0.061419         0.642568
  0.5166      -0.894341        0.154578             0.930096         0.245883
  0.4588      -0.787295        0.312064             0.810991         2.583736
  0.4699      -0.817103        0.261507             0.852735         1.241797
  0.4969      -0.868354        0.188582             0.907376         0.420065
  0.5504      -0.925982        0.113486             0.954278         0.123106
  0.4485      -0.750697        0.413213             0.738450         7.964235
  0.4822      -0.843131        0.221251             0.882555         0.683743
  0.4384      -0.705255        0.460893             0.619039        16.603298
  0.4283      -0.654488        0.442198             0.459503        20.731242
  0.4177      -0.610767        0.337663             0.324683        17.144793
  0.3927      -0.534481        0.197464             0.175151         6.416807
  0.4061      -0.571004        0.250690             0.231770        10.403680
  0.3510      -0.442221        0.118461             0.100232         2.022174
  0.3758      -0.493962        0.159339             0.132606         3.659616
  0.2885      -0.334553        0.062231             0.063021         0.666030
  0.5169      -0.894670        0.153242             0.930174         0.249775
  0.4590      -0.786722        0.318439             0.807470         3.057929
  0.4971      -0.868852        0.189024             0.907590         0.430850
  0.4701      -0.817038        0.264463             0.851259         1.382909
  0.5512      -0.926768        0.115961             0.954770         0.126200
  0.4487      -0.751262        0.414354             0.739666         7.967818
  0.4824      -0.843713        0.223277             0.882760         0.720704
  0.4386      -0.705625        0.476038             0.622046        15.370934
  0.4285      -0.654816        0.428182             0.458354        21.259872
  0.4179      -0.610870        0.327947             0.329277        16.974256
  0.4063      -0.571478        0.245421             0.233620        10.600294
  0.3515      -0.442681        0.121635             0.101919         2.050456
  0.3929      -0.535205        0.198517             0.174802         6.357070
  0.3761      -0.493939        0.160385             0.133923         3.739589
  0.2906      -0.337398        0.063924             0.063290         0.674668
  0.5173      -0.894935        0.155057             0.930459         0.245411
  0.4974      -0.868845        0.189145             0.907567         0.425935
  0.4592      -0.787571        0.317388             0.810388         2.666749
  0.4703      -0.818050        0.262879             0.852667         1.409965
  0.5520      -0.927200        0.115326             0.955065         0.122762
  0.4488      -0.751998        0.392015             0.744629         6.612306
  0.4826      -0.844179        0.217257             0.883511         0.688295
  0.4387      -0.707076        0.478243             0.629945        14.706178
  0.4286      -0.656905        0.441122             0.468515        20.886361
  0.4180      -0.611370        0.330537             0.331168        16.629139
  0.4065      -0.572414        0.251126             0.231609        10.489843
  0.3520      -0.443832        0.120121             0.100940         2.057173
  0.3931      -0.535262        0.196573             0.173694         6.251683
  0.3764      -0.495376        0.159257             0.134277         3.804001
  0.2927      -0.340565        0.067393             0.064113         0.700391
  0.5177      -0.895427        0.152838             0.930480         0.349607
  0.4976      -0.869042        0.188946             0.907975         0.419175
  0.4593      -0.787919        0.322966             0.810019         2.872216
  0.4704      -0.818056        0.262485             0.852956         1.319984
  0.5528      -0.927723        0.113608             0.955582         0.120797
  0.4490      -0.753041        0.397749             0.745666         6.763155
  0.4828      -0.843979        0.225492             0.882557         0.869183
  0.4389      -0.707220        0.478420             0.622536        16.470511
  0.4288      -0.657590        0.438895             0.467263        21.393993
  0.4182      -0.610700        0.326429             0.324701        16.757991
  0.4066      -0.572870        0.247744             0.233730        10.605995
  0.3524      -0.444552        0.123701             0.101602         2.133758
  0.3933      -0.536279        0.200527             0.176472         6.500555
  0.3767      -0.495994        0.160644             0.133353         3.746821
  0.2947      -0.344438        0.066654             0.065088         0.737085
  0.5180      -0.895518        0.154640             0.930865         0.244808
  0.4979      -0.869582        0.194394             0.908284         0.464965
  0.4706      -0.817548        0.267843             0.852364         1.379807
  0.5536      -0.928322        0.112936             0.955964         0.119197
  0.4595      -0.788759        0.320756             0.812129         2.821124
  0.4491      -0.752962        0.403352             0.745373         7.106044
  0.4830      -0.844376        0.225589             0.883432         0.707522
  0.4390      -0.707695        0.474253             0.627896        15.467266
  0.4289      -0.659067        0.451068             0.475163        21.357854
  0.4183      -0.611679        0.335798             0.326644        16.704638
  0.4068      -0.573716        0.253160             0.235024        10.805109
  0.3529      -0.446364        0.121423             0.101312         2.053146
  0.3936      -0.536690        0.200747             0.175112         6.446188
  0.3770      -0.496609        0.160285             0.133380         3.767276
  0.2965      -0.346335        0.070162             0.065764         0.742879
  0.5184      -0.896327        0.151627             0.931629         0.237751
  0.4982      -0.869889        0.181273             0.908817         0.388301
  0.4708      -0.818971        0.274007             0.853826         1.337486
  0.5545      -0.928745        0.114880             0.956194         0.121723
  0.4832      -0.844587        0.223143             0.883965         0.678393
  0.4493      -0.753937        0.397105             0.749328         6.237471
  0.4596      -0.788352        0.326003             0.809625         3.235967
  0.4392      -0.709430        0.471486             0.631716        15.749053
  0.4291      -0.659422        0.441387             0.482341        20.266768
  0.4185      -0.613175        0.332089             0.335652        16.756557
  0.4070      -0.573304        0.251973             0.235036        10.738924
  0.3534      -0.446107        0.123970             0.101158         2.030522
  0.3938      -0.536429        0.201324             0.175770         6.457100
  0.3773      -0.497251        0.160588             0.135351         3.896384
  0.2983      -0.349771        0.069892             0.066741         0.760550
  0.5188      -0.896396        0.155270             0.931687         0.239895
  0.4984      -0.870165        0.184444             0.908879         0.407830
  0.4710      -0.819223        0.265318             0.855127         1.294036
  0.5553      -0.929474        0.111649             0.956671         0.116738
  0.4834      -0.845082        0.225232             0.884307         0.689021
  0.4494      -0.754361        0.384978             0.748788         6.565340
  0.4598      -0.790599        0.320666             0.814364         2.836190
  0.4393      -0.708935        0.470921             0.632381        15.086749
  0.4292      -0.658464        0.444505             0.469687        21.378816
  0.4187      -0.614040        0.337702             0.338454        17.134562
  0.4072      -0.574213        0.259087             0.239243        10.884733
  0.3538      -0.447121        0.122609             0.102482         2.108135
  0.3940      -0.537581        0.196780             0.176095         6.384578
  0.3776      -0.497902        0.160978             0.134383         3.892071
  0.3000      -0.352051        0.072071             0.067242         0.784246
  0.5192      -0.897287        0.149554             0.932366         0.236232
  0.4712      -0.819488        0.266627             0.853789         1.554470
  0.5562      -0.929790        0.111911             0.956937         0.117529
  0.4987      -0.870954        0.188790             0.909751         0.413293
  0.4836      -0.845565        0.220579             0.884432         0.715304
  0.4496      -0.755375        0.397997             0.750336         6.628711
  0.4600      -0.790103        0.321048             0.813396         2.942936
  0.4395      -0.710249        0.487713             0.632839        15.842438
  0.4294      -0.659677        0.454287             0.474776        21.388953
  0.4188      -0.614243        0.344425             0.334432        17.732477
  0.4074      -0.575072        0.260589             0.240869        11.142906
  0.3543      -0.448608        0.128231             0.102162         2.099969
  0.3942      -0.538537        0.201811             0.177046         6.688008
  0.3779      -0.497935        0.159055             0.138069         3.967896
  0.3017      -0.355375        0.073650             0.067977         0.802480
  0.5196      -0.897375        0.155839             0.932306         0.249943
  0.5571      -0.930645        0.109876             0.957573         0.111785
  0.4713      -0.819550        0.260934             0.854825         1.327962
  0.4989      -0.870970        0.183323             0.909563         0.396077
  0.4838      -0.845730        0.218362             0.884634         0.682649
  0.4497      -0.755522        0.398947             0.749025         7.196791
  0.4601      -0.791082        0.312517             0.815862         2.498961
  0.4396      -0.709286        0.466758             0.629437        15.900835
  0.4295      -0.660068        0.437220             0.477212        20.682284
  0.4190      -0.615601        0.341389             0.338081        17.225019
  0.4075      -0.575294        0.251509             0.237214        11.013634
  0.3548      -0.449255        0.122756             0.103542         2.222466
  0.3944      -0.538072        0.201175             0.181409         6.643327
  0.3781      -0.498736        0.160240             0.134771         3.906114
  0.3032      -0.357530        0.073292             0.068647         0.835851
  0.5199      -0.897796        0.150347             0.932708         0.235134
  0.5580      -0.931479        0.108769             0.958108         0.111305
  0.4715      -0.820741        0.257301             0.856381         1.182642
  0.4992      -0.871318        0.186070             0.910211         0.395467
  0.4840      -0.846281        0.221268             0.885528         0.679498
  0.4499      -0.754939        0.404835             0.744315         7.837689
  0.4603      -0.790863        0.315215             0.814897         2.510896
  0.4398      -0.712943        0.453396             0.644914        13.782953
  0.4297      -0.663761        0.446357             0.494627        20.398554
  0.4192      -0.616784        0.355636             0.344280        18.140834
  0.4077      -0.576930        0.258631             0.241196        11.141810
  0.3552      -0.450387        0.122913             0.103720         2.174987
  0.3946      -0.539110        0.204443             0.180022         6.767505
  0.3784      -0.500096        0.161477             0.136721         3.949381
  0.3047      -0.359975        0.073777             0.070464         0.872698
  0.5203      -0.898527        0.148722             0.933288         0.231762
  0.5590      -0.931924        0.112556             0.958267         0.198686
  0.4717      -0.820616        0.261149             0.855864         1.622373
  0.4994      -0.871811        0.182558             0.910551         0.385588
  0.4842      -0.846363        0.217722             0.885658         0.670469
  0.4500      -0.758055        0.384926             0.757299         5.963673
  0.4604      -0.790996        0.321518             0.814080         3.058814
  0.4399      -0.712270        0.461133             0.643297        14.167620
  0.4298      -0.663646        0.456026             0.494587        20.176837
  0.4193      -0.615349        0.344832             0.334453        17.503618
  0.4079      -0.576161        0.255857             0.242398        11.281688
  0.3556      -0.451229        0.129296             0.104156         2.212335
  0.3949      -0.539479        0.202100             0.178096         6.789907
  0.3787      -0.500222        0.167063             0.137679         3.978191
  0.3062      -0.362450        0.075156             0.069746         0.855802
  0.5207      -0.898647        0.147689             0.933479         0.224468
  0.5599      -0.932371        0.110453             0.958734         0.112091
  0.4719      -0.821092        0.264934             0.856540         1.435458
  0.4997      -0.871712        0.188043             0.910298         0.403389
  0.4844      -0.846997        0.215947             0.886084         0.664106
  0.4502      -0.756833        0.384634             0.752721         6.430934
  0.4401      -0.713020        0.479232             0.641090        14.944564
  0.4606      -0.791329        0.322438             0.815195         2.771060
  0.4300      -0.664025        0.460311             0.491565        20.657537
  0.4195      -0.617476        0.354426             0.347366        17.648749
  0.4081      -0.577500        0.257044             0.245022        11.574006
  0.3561      -0.451674        0.124226             0.104570         2.207778
  0.3951      -0.540621        0.202034             0.183493         6.812654
  0.3790      -0.501100        0.166866             0.138437         4.135659
  0.3076      -0.364800        0.079472             0.070002         0.876738
  0.5211      -0.899630        0.152209             0.933948         0.240257
  0.5609      -0.933107        0.106653             0.959271         0.106966
  0.4720      -0.821957        0.265915             0.857381         1.339867
  0.5000      -0.872733        0.181927             0.911274         0.384496
  0.4846      -0.847410        0.217521             0.886670         0.661881
  0.4503      -0.757084        0.391392             0.753050         6.504317
  0.4608      -0.792055        0.309527             0.815728         3.060653
  0.4402      -0.711895        0.481131             0.633911        16.336790
  0.4301      -0.665836        0.452830             0.498874        20.483969
  0.4196      -0.616835        0.339218             0.345978        17.178144
  0.4083      -0.577494        0.259719             0.243378        11.534241
  0.3565      -0.453117        0.127191             0.104771         2.202445
  0.3953      -0.541370        0.203865             0.185301         6.911957
  0.3792      -0.502360        0.162886             0.139510         4.072642
  0.3089      -0.366608        0.077622             0.071346         0.916881
  0.5215      -0.899946        0.144779             0.934485         0.220488
  0.5619      -0.934219        0.107768             0.960046         0.105834
  0.4722      -0.822229        0.259152             0.858176         1.142638
  0.5002      -0.872995        0.183779             0.911420         0.390547
  0.4848      -0.848405        0.217231             0.887625         0.655632
  0.4505      -0.757846        0.383710             0.754759         6.440061
  0.4609      -0.792619        0.306169             0.817312         2.863041
  0.4404      -0.715191        0.453879             0.651640        14.061333
  0.4303      -0.662910        0.456311             0.482763        21.391444
  0.4198      -0.618476        0.353848             0.348521        17.923304
  0.4084      -0.578638        0.259666             0.247033        11.296325
  0.3569      -0.453687        0.123428             0.106683         2.241894
  0.3955      -0.541544        0.205969             0.185293         7.075916
  0.3795      -0.502365        0.166437             0.139034         4.118289
  0.3103      -0.369378        0.077851             0.071809         0.912036
  0.5219      -0.900036        0.151870             0.934561         0.231318
  0.5630      -0.934881        0.107240             0.960549         0.103202
  0.4724      -0.823076        0.250118             0.859212         1.212906
  0.5005      -0.873942        0.182352             0.912303         0.383721
  0.4506      -0.759398        0.386537             0.757979         5.956938
  0.4850      -0.848615        0.220505             0.887119         0.881288
  0.4611      -0.793163        0.317665             0.818035         2.568325
  0.4405      -0.716471        0.461714             0.655107        13.398763
  0.4304      -0.666790        0.464767             0.503146        20.513619
  0.4200      -0.618171        0.348398             0.346280        17.578332
  0.4086      -0.578774        0.258500             0.244011        11.512702
  0.3574      -0.454446        0.127964             0.106842         2.307313
  0.3957      -0.541997        0.203570             0.182960         6.916258
  0.3798      -0.502614        0.165479             0.139624         4.119403
  0.3115      -0.370758        0.079554             0.073179         0.966157
  0.5223      -0.901122        0.142999             0.935308         0.212542
  0.5640      -0.935185        0.105555             0.960733         0.101389
  0.4726      -0.823066        0.254631             0.858877         1.238789
  0.5008      -0.873642        0.177653             0.912261         0.366494
  0.4508      -0.758936        0.396691             0.753874         7.028990
  0.4853      -0.848193        0.221757             0.887036         0.688919
  0.4612      -0.793558        0.308791             0.817231         3.003986
  0.4407      -0.715361        0.472979             0.646104        14.921541
  0.4306      -0.667258        0.459345             0.504968        20.606470
  0.4201      -0.618258        0.352882             0.347097        17.410766
  0.4088      -0.579564        0.262387             0.250019        11.809447
  0.3578      -0.455055        0.131437             0.107057         2.366730
  0.3801      -0.503687        0.165970             0.139054         4.090312
  0.3959      -0.542728        0.210440             0.183450         7.051701
  0.3128      -0.372815        0.081205             0.072612         0.939096
  0.5228      -0.900798        0.147628             0.935185         0.217513
  0.5651      -0.936261        0.103121             0.961357         0.101015
  0.4727      -0.823184        0.253473             0.859810         1.078668
  0.5010      -0.874082        0.180210             0.912531         0.375958
  0.4509      -0.760364        0.372136             0.760012         5.634945
  0.4855      -0.849289        0.217930             0.888525         0.637251
  0.4614      -0.794392        0.307685             0.818235         2.979467
  0.4408      -0.718084        0.451222             0.657452        13.796762
  0.4307      -0.668418        0.450403             0.508262        20.361207
  0.4203      -0.620652        0.353717             0.355331        17.873338
  0.4090      -0.579856        0.260637             0.247967        11.517856
  0.3582      -0.456675        0.129448             0.107441         2.324001
  0.3803      -0.504409        0.170627             0.141187         4.191242
  0.3961      -0.543095        0.209073             0.190872         7.223279
  0.3139      -0.375161        0.081626             0.073211         0.980780
  0.5232      -0.901098        0.149676             0.935410         0.218182
  0.4729      -0.824221        0.255652             0.860071         1.231566
  0.5663      -0.936714        0.103441             0.961744         0.098967
  0.5013      -0.874678        0.176104             0.913076         0.366773
  0.4857      -0.849463        0.215774             0.888368         0.659987
  0.4511      -0.760035        0.393568             0.755925         7.282737
  0.4616      -0.794943        0.303716             0.821965         2.215081
  0.4410      -0.719384        0.484937             0.661531        13.749664
  0.4309      -0.669600        0.462125             0.517841        19.687008
  0.4204      -0.620317        0.356690             0.352958        18.011001
  0.4092      -0.580282        0.261976             0.251092        11.797221
  0.3586      -0.456987        0.129409             0.106337         2.349322
  0.3963      -0.543919        0.212170             0.187867         7.190222
  0.3806      -0.504422        0.168614             0.141306         4.182767
  0.3151      -0.376850        0.080100             0.074065         1.015209
  0.5236      -0.901828        0.144144             0.936029         0.208382
  0.5674      -0.937594        0.102212             0.962343         0.097542
  0.4731      -0.824634        0.255518             0.861305         1.117328
  0.5016      -0.875657        0.178025             0.913976         0.358539
  0.4859      -0.850213        0.214401             0.889441         0.657650
  0.4512      -0.760701        0.387626             0.758843         6.725547
  0.4617      -0.796339        0.307199             0.823283         2.414690
  0.4411      -0.719477        0.457064             0.659808        13.538274
  0.4311      -0.669036        0.448560             0.506945        20.524069
  0.4206      -0.622023        0.357827             0.363416        18.042781
  0.4093      -0.581132        0.267880             0.253038        12.081736
  0.3590      -0.458246        0.133961             0.107809         2.445743
  0.3965      -0.544385        0.209357             0.187652         7.212470
  0.3809      -0.505840        0.173784             0.143290         4.338477
  0.3162      -0.379123        0.083085             0.074733         0.999881
  0.5240      -0.902131        0.143568             0.936193         0.210416
  0.5686      -0.938179        0.099178             0.962702         0.094541
  0.4733      -0.824512        0.255446             0.860623         1.194664
  0.5019      -0.875475        0.178814             0.913895         0.358402
  0.4861      -0.850017        0.218124             0.889101         0.657120
  0.4514      -0.759989        0.391702             0.757254         6.733349
  0.4619      -0.795279        0.290782             0.821892         2.354646
  0.4413      -0.718880        0.460633             0.657480        13.819812
  0.4312      -0.668270        0.469630             0.504263        20.773686
  0.4208      -0.621707        0.354232             0.357853        18.345023
  0.4095      -0.581767        0.270684             0.253087        12.001682
  0.3594      -0.458842        0.131311             0.110013         2.475339
  0.3967      -0.544657        0.205445             0.187326         6.966948
  0.3811      -0.505664        0.170408             0.140368         4.244687
  0.3173      -0.380761        0.084157             0.075196         1.022983
  0.5698      -0.939152        0.096797             0.963492         0.088649
  0.5244      -0.902822        0.146879             0.936751         0.213140
  0.4735      -0.825015        0.251830             0.861192         1.122471
  0.4863      -0.850393        0.218464             0.890023         0.624436
  0.5021      -0.875463        0.182032             0.913678         0.372821
  0.4515      -0.762530        0.366145             0.765184         5.583465
  0.4621      -0.795923        0.313606             0.821513         2.511711
  0.4414      -0.719397        0.460317             0.660546        13.704691
  0.4314      -0.671122        0.452982             0.516421        20.112115
  0.4209      -0.622370        0.356940             0.360075        18.218811
  0.4097      -0.582396        0.266543             0.255379        12.447520
  0.3598      -0.459651        0.131171             0.109479         2.475587
  0.3970      -0.545066        0.214098             0.187098         7.301905
  0.3814      -0.506126        0.168005             0.143446         4.348103
  0.3184      -0.381903        0.085366             0.075899         1.081844
  0.5711      -0.939776        0.097306             0.963815         0.092575
  0.5249      -0.903089        0.142010             0.937076         0.201175
  0.4736      -0.825233        0.251317             0.862309         1.033470
  0.4865      -0.850785        0.212668             0.890116         0.613113
  0.5024      -0.875913        0.175047             0.914093         0.359113
  0.4517      -0.763820        0.360235             0.769775         4.760046
  0.4622      -0.796073        0.315623             0.820450         3.046392
  0.4416      -0.721144        0.461411             0.663602        13.819507
  0.4315      -0.672192        0.460020             0.522602        19.580810
  0.4211      -0.623032        0.359284             0.356302        18.314371
  0.4099      -0.582951        0.270166             0.258717        12.217500
  0.3602      -0.460614        0.130497             0.109571         2.426733
  0.3972      -0.546028        0.211760             0.190098         7.618914
  0.3817      -0.507360        0.168556             0.143922         4.361457
  0.3194      -0.384410        0.085898             0.075593         1.061354
  0.5724      -0.940401        0.099903             0.964337         0.089927
  0.5253      -0.903595        0.148910             0.937500         0.212206
  0.4738      -0.825756        0.247487             0.862564         1.110664
  0.4867      -0.851050        0.211008             0.890668         0.592927
  0.5027      -0.876386        0.178197             0.914479         0.373349
  0.4518      -0.764233        0.362659             0.769751         5.011553
  0.4624      -0.796312        0.305740             0.822328         2.477127
  0.4417      -0.720997        0.458044             0.663667        13.725980
  0.4317      -0.672211        0.468503             0.520609        19.872712
  0.4213      -0.623027        0.375739             0.356580        18.810324
  0.4100      -0.583162        0.268743             0.258587        12.170859
  0.3606      -0.460622        0.134891             0.110985         2.585637
  0.3974      -0.546904        0.213021             0.189947         7.350065
  0.3819      -0.508032        0.173307             0.144689         4.363000
  0.3204      -0.386138        0.087315             0.077823         1.118472
  0.5738      -0.941220        0.097073             0.964737         0.088823
  0.5257      -0.903925        0.141472             0.937741         0.201521
  0.4740      -0.826539        0.251671             0.863222         1.103348
  0.4869      -0.852110        0.209006             0.891154         0.600011
  0.5030      -0.876996        0.178276             0.915090         0.371152
  0.4520      -0.764480        0.367577             0.769610         4.868143
  0.4625      -0.797915        0.299432             0.825611         2.141827
  0.4419      -0.721410        0.467855             0.665544        13.412353
  0.4318      -0.672818        0.458748             0.522942        20.019658
  0.4214      -0.625482        0.370517             0.373846        19.105830
  0.4102      -0.583876        0.278775             0.257959        12.619343
  0.3610      -0.462253        0.134420             0.111199         2.466140
  0.3976      -0.546767        0.210992             0.190823         7.490527
  0.3822      -0.507762        0.167549             0.145637         4.418070
  0.3214      -0.387509        0.088892             0.077823         1.113130
  0.5752      -0.941975        0.094809             0.965378         0.083672
  0.5262      -0.904101        0.145198             0.937832         0.212730
  0.4742      -0.826557        0.256452             0.863173         1.156694
  0.4872      -0.852177        0.213293             0.891497         0.616288
  0.5032      -0.877828        0.175710             0.915834         0.353263
  0.4522      -0.765561        0.371582             0.769715         5.665906
  0.4627      -0.797251        0.309246             0.824398         2.583339
  0.4420      -0.723063        0.440428             0.671059        12.493363
  0.4320      -0.673541        0.477360             0.523839        20.351682
  0.4216      -0.625531        0.363863             0.372374        18.427124
  0.4104      -0.584591        0.271338             0.255874        12.273321
  0.3614      -0.462665        0.133687             0.109147         2.426797
  0.3978      -0.547362        0.216068             0.191410         7.570658
  0.3824      -0.508723        0.170920             0.146255         4.414803
  0.3224      -0.389196        0.091505             0.077939         1.115543
  0.5766      -0.943087        0.095502             0.966109         0.083213
  0.5266      -0.904740        0.145567             0.938386         0.200713
  0.4744      -0.827130        0.249443             0.864343         1.011037
  0.4874      -0.852454        0.207962             0.892016         0.574669
  0.5035      -0.877538        0.179976             0.915418         0.363555
  0.4523      -0.765049        0.375325             0.769022         5.526646
  0.4629      -0.798509        0.293725             0.827071         1.925439
  0.4422      -0.721042        0.483649             0.660087        14.608181
  0.4321      -0.674312        0.470701             0.529219        19.742614
  0.4217      -0.626685        0.376973             0.375292        18.429319
  0.4106      -0.585233        0.270362             0.262749        12.843829
  0.3618      -0.463321        0.134224             0.110578         2.510411
  0.3980      -0.548199        0.212469             0.194737         7.655002
  0.3827      -0.509347        0.171099             0.145815         4.459015
  0.3233      -0.391278        0.090634             0.078660         1.143744
  0.5781      -0.943829        0.093603             0.966615         0.081496
  0.5271      -0.905299        0.139809             0.938753         0.197695
  0.4746      -0.827401        0.254290             0.864750         1.040198
  0.4876      -0.852643        0.213385             0.892073         0.618070
  0.5038      -0.877970        0.179776             0.916079         0.356897
  0.4525      -0.766203        0.366239             0.773590         5.015196
  0.4630      -0.799249        0.296100             0.828688         1.985820
  0.4423      -0.724418        0.465443             0.674023        12.987124
  0.4323      -0.673830        0.484824             0.518469        21.888597
  0.4219      -0.627513        0.366011             0.380125        18.666320
  0.4107      -0.585448        0.265202             0.261429        12.487521
  0.3622      -0.464440        0.137292             0.112408         2.565766
  0.3982      -0.548338        0.212581             0.192176         7.699703
  0.3830      -0.510210        0.172067             0.148509         4.619563
  0.3243      -0.392665        0.091140             0.078349         1.169573
  0.5797      -0.944776        0.093076             0.967118         0.081800
  0.5275      -0.905967        0.139134             0.939310         0.193814
  0.4747      -0.827743        0.249104             0.864554         1.051222
  0.4878      -0.853294        0.208388             0.892747         0.568035
  0.5041      -0.878810        0.175123             0.916729         0.339619
  0.4526      -0.766854        0.369486             0.772539         5.360017
  0.4632      -0.799875        0.293217             0.828237         2.012033
  0.4425      -0.725416        0.466663             0.677396        12.151644
  0.4324      -0.676156        0.463861             0.531538        19.775451
  0.4220      -0.628364        0.384889             0.380691        19.129976
  0.4109      -0.585963        0.279825             0.263224        12.578936
  0.3626      -0.465482        0.134979             0.112867         2.607842
  0.3984      -0.549148        0.215030             0.191517         7.651511
  0.3832      -0.511078        0.176150             0.148169         4.478503
  0.3252      -0.394517        0.095518             0.080043         1.210179
  0.5813      -0.945619        0.089800             0.967793         0.076365
  0.5280      -0.906426        0.140431             0.939646         0.190429
  0.4749      -0.827512        0.247132             0.864613         1.030375
  0.4880      -0.853298        0.210450             0.892545         0.595033
  0.5044      -0.878340        0.172820             0.916414         0.334936
  0.4528      -0.766586        0.372979             0.771513         5.080453
  0.4634      -0.799519        0.293916             0.828972         1.934527
  0.4426      -0.724234        0.456887             0.670730        13.253166
  0.4326      -0.674270        0.476521             0.518177        20.753353
  0.4222      -0.627663        0.374094             0.375900        18.989032
  0.4111      -0.586996        0.277176             0.265189        12.938459
  0.3986      -0.550269        0.216691             0.199215         7.944489
  0.3630      -0.465374        0.139140             0.111380         2.587459
  0.3835      -0.511256        0.169857             0.147728         4.571965
  0.3260      -0.395609        0.090284             0.079887         1.169741
  0.5831      -0.946421        0.090057             0.968327         0.075546
  0.5285      -0.906934        0.139127             0.939991         0.195918
  0.4751      -0.827879        0.245593             0.864739         1.041028
  0.4882      -0.854106        0.211455             0.893467         0.576722
  0.5047      -0.879108        0.180592             0.916814         0.355143
  0.4529      -0.767547        0.379137             0.774683         5.088128
  0.4635      -0.800504        0.288317             0.830408         1.829016
  0.4428      -0.725763        0.454645             0.677804        12.704065
  0.4327      -0.677739        0.473860             0.539613        19.819257
  0.4224      -0.628367        0.380360             0.375330        19.242305
  0.4113      -0.586497        0.281000             0.265561        12.640132
  0.3988      -0.549471        0.213902             0.191157         7.453487
  0.3633      -0.466294        0.138412             0.112956         2.571554
  0.3837      -0.512133        0.173923             0.149154         4.720947
  0.3269      -0.396933        0.090555             0.081760         1.248410
  0.5848      -0.947403        0.090260             0.968959         0.074853
  0.5289      -0.907574        0.138232             0.940419         0.187863
  0.4753      -0.829364        0.243674             0.867269         0.950137
  0.4885      -0.854562        0.203376             0.893717         0.572889
  0.5049      -0.879661        0.173806             0.917429         0.337539
  0.4531      -0.768352        0.367481             0.774524         5.377769
  0.4637      -0.800917        0.293682             0.830107         2.001173
  0.4429      -0.728646        0.442520             0.688899        11.160398
  0.4329      -0.677864        0.470210             0.534905        19.961963
  0.4225      -0.629204        0.377695             0.382744        18.738211
  0.4114      -0.588303        0.281799             0.276903        13.046339
  0.3990      -0.551038        0.215690             0.200038         7.945924
  0.3637      -0.467326        0.137196             0.113026         2.614259
  0.3840      -0.512813        0.176945             0.150263         4.673228
  0.3278      -0.399088        0.092885             0.081592         1.254321
  0.5294      -0.907580        0.137767             0.940575         0.189673
  0.5867      -0.948151        0.089055             0.969445         0.073022
  0.4755      -0.828853        0.254074             0.865615         1.077133
  0.4887      -0.854913        0.215851             0.893939         0.612463
  0.5052      -0.879384        0.175259             0.916998         0.349337
  0.4532      -0.767207        0.384681             0.769969         6.320395
  0.4639      -0.801364        0.299808             0.830659         2.140442
  0.4431      -0.726930        0.452198             0.681330        12.398629
  0.4330      -0.678074        0.471318             0.536066        19.804615
  0.4227      -0.629458        0.383868             0.386009        19.085608
  0.4116      -0.588689        0.283743             0.269051        13.177733
  0.3992      -0.551404        0.215307             0.198631         7.802915
  0.3641      -0.467898        0.136307             0.113023         2.603466
  0.3842      -0.513440        0.175011             0.150398         4.778925
  0.3286      -0.400340        0.093447             0.082635         1.299190
  0.5299      -0.908403        0.138375             0.941101         0.188574
  0.5887      -0.948511        0.106505             0.965500         2.308910
  0.4757      -0.829399        0.247112             0.867086         0.953319
  0.4889      -0.854875        0.205456             0.894223         0.562493
  0.5055      -0.880445        0.178230             0.918069         0.354484
  0.4534      -0.767849        0.376654             0.772904         5.504205
  0.4640      -0.801412        0.304405             0.829152         2.442864
  0.4432      -0.728733        0.442247             0.689197        10.756940
  0.4332      -0.679123        0.469707             0.540846        19.782903
  0.4228      -0.628955        0.382028             0.374801        19.179172
  0.4118      -0.588580        0.278852             0.271391        12.879755
  0.3994      -0.552191        0.225179             0.198668         8.081828
  0.3845      -0.513733        0.180408             0.153206         4.910569
  0.3644      -0.469393        0.137275             0.114933         2.615260
  0.3294      -0.401412        0.094294             0.082269         1.303224
  0.5304      -0.908675        0.138397             0.941329         0.186647
  0.5907      -0.950209        0.087378             0.970770         0.070119
  0.4758      -0.829742        0.250456             0.867045         1.015791
  0.4891      -0.855515        0.207436             0.894784         0.571709
  0.5058      -0.880615        0.173234             0.918281         0.340197
  0.4642      -0.802006        0.293323             0.831750         1.875014
  0.4535      -0.770090        0.349123             0.781519         3.916678
  0.4434      -0.730571        0.436252             0.692434        10.972710
  0.4333      -0.681229        0.464430             0.550262        19.089753
  0.4230      -0.631163        0.382171             0.386174        19.361074
  0.3996      -0.553018        0.223413             0.199174         8.218122
  0.4120      -0.590216        0.287329             0.275460        13.240937
  0.3847      -0.514650        0.179821             0.150502         4.734175
  0.3648      -0.470202        0.138029             0.115706         2.764030
  0.3302      -0.402852        0.096889             0.081589         1.256405
  0.5929      -0.951302        0.082820             0.971527         0.065106
  0.5309      -0.909108        0.139236             0.941439         0.254842
  0.4760      -0.830279        0.251937             0.867387         1.037318
  0.4893      -0.855679        0.207727             0.895278         0.541730
  0.5061      -0.881055        0.175336             0.918662         0.333277
  0.4643      -0.802262        0.293282             0.832250         1.933754
  0.4537      -0.769621        0.368226             0.778088         4.583884
  0.4435      -0.730548        0.436732             0.694858        10.002796
  0.4335      -0.680975        0.476903             0.548491        19.334066
  0.4232      -0.633187        0.387644             0.396772        19.419933
  0.3998      -0.552725        0.217429             0.202540         8.200327
  0.4121      -0.590086        0.275403             0.272058        12.999073
  0.3652      -0.470485        0.140287             0.115163         2.739013
  0.3850      -0.514482        0.175406             0.152706         4.953013
  0.3310      -0.403859        0.097762             0.084707         1.379187
  0.5952      -0.952237        0.082949             0.972086         0.064939
  0.4762      -0.830683        0.240240             0.868273         0.995931
  0.5313      -0.909176        0.136260             0.941792         0.184050
  0.4896      -0.856194        0.208822             0.895559         0.543203
  0.5064      -0.881190        0.173085             0.918708         0.327415
  0.4645      -0.802596        0.292938             0.833703         1.791875
  0.4538      -0.768977        0.375917             0.771756         6.194334
  0.4437      -0.728599        0.443162             0.685019        11.795064
  0.4336      -0.679987        0.484152             0.545530        19.116219
  0.4233      -0.632432        0.384788             0.390475        19.368624
  0.4000      -0.553826        0.227962             0.201998         8.273812
  0.4123      -0.590091        0.284335             0.271276        13.449571
  0.3655      -0.471022        0.137003             0.115081         2.712200
  0.3852      -0.515199        0.178744             0.149321         4.817951
  0.3317      -0.405826        0.098456             0.084079         1.358349
  0.5977      -0.953343        0.083707             0.972833         0.064473
  0.4764      -0.830915        0.243759             0.868736         0.928080
  0.5318      -0.910176        0.139349             0.942455         0.179369
  0.4898      -0.856788        0.204963             0.896265         0.532971
  0.5067      -0.881581        0.173140             0.919111         0.338786
  0.4647      -0.803203        0.286243             0.833960         1.724560
  0.4540      -0.770834        0.363009             0.781153         4.477190
  0.4438      -0.731103        0.435195             0.693599        10.907644
  0.4338      -0.683478        0.485549             0.558819        19.071311
  0.4235      -0.633664        0.391960             0.396388        19.341622
  0.4002      -0.553900        0.222998             0.199321         8.307130
  0.4125      -0.591502        0.279449             0.275922        13.489569
  0.3659      -0.472103        0.145593             0.117166         2.845666
  0.3855      -0.516141        0.181761             0.154085         5.036737
  0.3325      -0.407260        0.098896             0.084742         1.381783
  0.6003      -0.954698        0.078518             0.973703         0.058864
  0.4766      -0.831620        0.240077             0.868998         0.976940
  0.5324      -0.910234        0.136420             0.942443         0.181891
  0.4900      -0.856819        0.210269             0.895829         0.597875
  0.5070      -0.882426        0.171770             0.919908         0.322257
  0.4648      -0.805326        0.273279             0.838159         1.464822
  0.4542      -0.772626        0.361290             0.782730         4.899515
  0.4440      -0.732627        0.435101             0.699199         9.790258
  0.4339      -0.682876        0.484790             0.553666        19.405370
  0.4236      -0.634446        0.388465             0.399324        19.359349
  0.4127      -0.591112        0.285881             0.273456        13.483267
  0.4004      -0.554686        0.224401             0.204248         8.413020
  0.3857      -0.517158        0.175184             0.155019         4.953150
  0.3662      -0.472806        0.141059             0.117685         2.844725
  0.3332      -0.408822        0.099787             0.085445         1.370669
  0.6031      -0.955861        0.078263             0.974420         0.058331
  0.4768      -0.831861        0.242095             0.869317         0.961931
  0.5329      -0.910940        0.133187             0.943157         0.173675
  0.4902      -0.857522        0.202634             0.896992         0.505007
  0.5073      -0.882413        0.169381             0.919825         0.323659
  0.4650      -0.804363        0.288241             0.835267         1.798390
  0.4543      -0.773378        0.349628             0.786551         3.923742
  0.4441      -0.732309        0.461819             0.694612        11.290152
  0.4341      -0.685571        0.480143             0.569203        18.300898
  0.4238      -0.634557        0.380672             0.396955        19.611001
  0.4128      -0.592490        0.293717             0.279614        13.821930
  0.4006      -0.555163        0.223116             0.202452         8.558406
  0.3860      -0.517386        0.183596             0.155463         5.079398
  0.3666      -0.474345        0.144415             0.118236         2.913293
  0.3340      -0.410070        0.099384             0.084019         1.366586
  0.6062      -0.957004        0.074710             0.975143         0.054787
  0.4770      -0.832362        0.242790             0.870270         0.920221
  0.5334      -0.911409        0.132163             0.943407         0.177513
  0.4905      -0.857662        0.204110             0.896763         0.546737
  0.5076      -0.882897        0.170899             0.920010         0.324041
  0.4652      -0.804871        0.289999             0.835551         1.819820
  0.4545      -0.772404        0.350867             0.783039         4.653251
  0.4443      -0.734189        0.434830             0.701386        10.485566
  0.4342      -0.683097        0.474651             0.547626        19.949664
  0.4239      -0.634817        0.402683             0.400013        19.302227
  0.4130      -0.593075        0.295405             0.278984        13.754000
  0.4008      -0.555639        0.226840             0.203510         8.597646
  0.3862      -0.518108        0.177565             0.155563         5.034233
  0.3669      -0.474379        0.141643             0.118201         2.911711
  0.3347      -0.411235        0.101088             0.085715         1.410222
  0.6095      -0.958604        0.073973             0.976154         0.053194
  0.5339      -0.911780        0.133725             0.943801         0.174283
  0.4771      -0.833055        0.241016             0.871156         0.887483
  0.4907      -0.858423        0.203064             0.897727         0.526984
  0.5079      -0.883785        0.169862             0.920970         0.314854
  0.4653      -0.804988        0.287982             0.835222         2.036819
  0.4546      -0.773609        0.349763             0.787235         3.880043
  0.4444      -0.732982        0.443243             0.693438        11.772834
  0.4344      -0.686030        0.466479             0.563036        18.780731
  0.4241      -0.635299        0.401091             0.397971        20.035967
  0.4132      -0.593953        0.291407             0.285698        13.871273
  0.4010      -0.556277        0.227062             0.209767         8.653345
  0.3865      -0.518646        0.183046             0.154126         5.026621
  0.3673      -0.475364        0.144588             0.117729         2.917524
  0.3354      -0.412318        0.102484             0.086364         1.414914
  0.6131      -0.959688        0.080687             0.974797         1.271979
  0.4909      -0.858616        0.200052             0.897813         0.550207
  0.5344      -0.912582        0.132236             0.944421         0.167963
  0.4773      -0.833087        0.241558             0.871254         0.926095
  0.5082      -0.884010        0.167527             0.921127         0.307391
  0.4655      -0.805308        0.289459             0.835363         1.978260
  0.4548      -0.774614        0.349326             0.788125         4.043580
  0.4446      -0.735768        0.421758             0.706278         9.944030
  0.4345      -0.687113        0.479156             0.566677        18.568569
  0.4243      -0.636978        0.407426             0.400151        20.963184
  0.4012      -0.557545        0.232052             0.213462         9.223416
  0.4133      -0.593827        0.290826             0.279656        13.765601
  0.3867      -0.519911        0.182098             0.155417         5.048322
  0.3676      -0.475823        0.145137             0.119516         2.975771
  0.3361      -0.414186        0.102441             0.087597         1.482148
  0.6171      -0.961260        0.071446             0.977852         0.048550
  0.4911      -0.859113        0.202162             0.898601         0.521366
  0.5350      -0.912746        0.133898             0.944496         0.170526
  0.4775      -0.833870        0.240081             0.872158         0.891692
  0.5085      -0.884166        0.169333             0.921421         0.309752
  0.4657      -0.807019        0.284380             0.838807         1.612175
  0.4549      -0.774328        0.362186             0.788034         3.876021
  0.4447      -0.734903        0.429568             0.702329        10.284971
  0.4347      -0.687358        0.481123             0.568306        18.495010
  0.4244      -0.636839        0.393660             0.406565        19.490225
  0.4135      -0.594279        0.289583             0.286116        14.315521
  0.3869      -0.519721        0.183984             0.159188         5.229727
  0.4014      -0.557090        0.217564             0.204875         8.527603
  0.3680      -0.476233        0.145176             0.118805         2.959207
  0.3368      -0.415326        0.104143             0.086938         1.466577
  0.6215      -0.962979        0.066382             0.978916         0.044977
  0.4914      -0.859268        0.205335             0.898417         0.520994
  0.5355      -0.913133        0.133040             0.944759         0.170839
  0.4777      -0.833917        0.239133             0.871871         0.913845
  0.5088      -0.884660        0.167238             0.921711         0.308578
  0.4658      -0.806282        0.276249             0.837280         1.771324
  0.4551      -0.773720        0.359951             0.785284         4.603996
  0.4449      -0.735123        0.432493             0.705058         9.791201
  0.4348      -0.686278        0.479005             0.559812        19.388697
  0.4246      -0.637815        0.390660             0.411660        19.703402
  0.4137      -0.595050        0.295378             0.286252        14.017533
  0.3872      -0.520339        0.181096             0.158485         5.191834
  0.4016      -0.558091        0.230357             0.208217         8.706681
  0.3683      -0.477376        0.144285             0.120161         2.979094
  0.3374      -0.415889        0.103903             0.086027         1.475405
  0.6266      -0.964763        0.065287             0.980008         0.042411
  0.4916      -0.860051        0.202380             0.899168         0.557598
  0.5361      -0.913907        0.132088             0.945283         0.165136
  0.4779      -0.834525        0.238524             0.873129         0.826792
  0.5092      -0.885363        0.165331             0.922297         0.313313
  0.4660      -0.806840        0.282579             0.838460         1.699218
  0.4552      -0.775137        0.341388             0.788801         4.049911
  0.4450      -0.737142        0.422561             0.708399         9.633555
  0.4350      -0.689737        0.470071             0.580910        17.296599
  0.4247      -0.639968        0.407494             0.419546        20.160969
  0.4138      -0.595901        0.300241             0.288058        14.386333
  0.3874      -0.520574        0.183865             0.156799         5.204148
  0.4018      -0.558112        0.226373             0.207289         8.567995
  0.3686      -0.478237        0.150054             0.121600         3.063798
  0.3381      -0.417017        0.105299             0.087918         1.524364
  0.6324      -0.966684        0.062843             0.981166         0.040305
  0.4918      -0.859771        0.203594             0.898915         0.513638
  0.5366      -0.914721        0.132681             0.945826         0.165359
  0.4781      -0.834808        0.238494             0.873711         0.803353
  0.5095      -0.885966        0.164338             0.922790         0.299113
  0.4662      -0.806573        0.289225             0.836017         2.133025
  0.4554      -0.775412        0.349880             0.787619         4.677661
  0.4452      -0.736618        0.430303             0.706813        10.164826
  0.4351      -0.686852        0.470008             0.560512        19.533762
  0.4249      -0.638408        0.397662             0.408646        20.323834
  0.4140      -0.596161        0.293421             0.284727        14.320289
  0.3877      -0.521325        0.187478             0.157968         5.219920
  0.4019      -0.558453        0.226192             0.205947         8.719329
  0.3690      -0.478838        0.142917             0.121366         3.053393
  0.3387      -0.418536        0.105913             0.088953         1.528372
  0.6392      -0.968527        0.060393             0.982292         0.037567
  0.4921      -0.860400        0.199044             0.899819         0.493433
  0.5372      -0.915077        0.128848             0.946238         0.160790
  0.4783      -0.835323        0.235397             0.873208         0.895733
  0.5098      -0.885792        0.167270             0.922598         0.303597
  0.4663      -0.807667        0.284891             0.839991         1.580711
  0.4555      -0.775615        0.366125             0.787073         4.978172
  0.4453      -0.737912        0.429415             0.708074        10.156129
  0.4353      -0.692061        0.473090             0.587043        17.330328
  0.4250      -0.641033        0.416876             0.423060        20.034460
  0.4142      -0.597431        0.301988             0.292854        14.772569
  0.3879      -0.522624        0.186881             0.160420         5.332483
  0.4021      -0.559560        0.231044             0.209914         8.797182
  0.3693      -0.479700        0.149194             0.121966         3.122036
  0.3394      -0.420225        0.104670             0.089665         1.556909
  0.6476      -0.970736        0.057803             0.983659         0.034082
  0.4923      -0.861059        0.203435             0.900412         0.497180
  0.5378      -0.915683        0.128579             0.946722         0.158446
  0.4785      -0.835758        0.235914             0.873942         0.843488
  0.5101      -0.886326        0.161737             0.923164         0.285037
  0.4665      -0.808292        0.280548             0.840777         1.721523
  0.4557      -0.776692        0.348375             0.792271         3.700710
  0.4455      -0.738679        0.427784             0.710625         9.860025
  0.4354      -0.691837        0.478285             0.585628        17.339993
  0.4252      -0.639997        0.403467             0.415174        20.430557
  0.4144      -0.597920        0.301723             0.291458        14.408996
  0.3881      -0.522731        0.181810             0.159754         5.316039
  0.4023      -0.560135        0.224722             0.216020         8.949656
  0.3696      -0.479971        0.146909             0.119796         3.025698
  0.3400      -0.421081        0.107091             0.089987         1.587868
  0.6585      -0.973681        0.053511             0.985396         0.030301
  0.4925      -0.861250        0.197631             0.900502         0.501575
  0.5383      -0.915727        0.129699             0.946668         0.157180
  0.4787      -0.835985        0.227880             0.874106         0.876800
  0.5104      -0.886444        0.162793             0.923478         0.288549
  0.4667      -0.808802        0.284517             0.841158         1.706722
  0.4559      -0.777573        0.353827             0.791804         4.128125
  0.4456      -0.739076        0.421465             0.712209         9.625576
  0.4356      -0.693098        0.483492             0.584739        18.163928
  0.4254      -0.641748        0.409190             0.422865        20.239061
  0.4145      -0.598387        0.300264             0.293313        14.021614
  0.3884      -0.523258        0.187992             0.158240         5.351022
  0.4025      -0.561324        0.234344             0.214821         9.131271
  0.3700      -0.480136        0.146851             0.122631         3.148775
  0.3406      -0.421920        0.105826             0.090642         1.591306
  1.0000      -0.998594        0.005956             0.999285         0.001588
  0.4928      -0.861827        0.197579             0.900893         0.492352
  0.5389      -0.916791        0.129204             0.947627         0.156514
  0.4789      -0.836436        0.232264             0.874984         0.829788
  0.5107      -0.886805        0.160832             0.923760         0.282018
  0.4668      -0.809140        0.277953             0.841484         1.720969
  0.4560      -0.777924        0.339205             0.794240         3.713840
  0.4458      -0.738868        0.434984             0.708407        10.262926
  0.4357      -0.691175        0.484116             0.575876        18.814721
  0.4255      -0.641921        0.422529             0.420924        20.506068
  0.4147      -0.599036        0.303911             0.296119        14.625182
  0.3886      -0.523748        0.189154             0.161564         5.421525
  0.4027      -0.561550        0.238561             0.214275         9.415007
  0.3703      -0.481535        0.151421             0.123993         3.204890
  0.3412      -0.422780        0.108586             0.090821         1.638406
  0.4670      -0.808083        0.286125             0.839580         1.647060
  0.4562      -0.776741        0.369136             0.789989         4.507007
  0.4459      -0.738902        0.434083             0.711169         9.681148
  0.4359      -0.691375        0.479290             0.582564        17.591408
  0.4257      -0.641359        0.415477             0.418390        20.750959
  0.4149      -0.598027        0.322068             0.297245        14.893894
  0.3888      -0.524286        0.191985             0.162365         5.523077
  0.4029      -0.561017        0.231827             0.212790         8.897531
  0.3706      -0.481937        0.154852             0.121566         3.069052
  0.3418      -0.424427        0.109705             0.091072         1.625089
