    beta         energy       spec-heat           abs-magnet          suscept
  0.4790      -0.837437        0.253924             0.876096         0.831518
  0.5395      -0.917270        0.133420             0.947803         0.159972
  0.4672      -0.810663        0.272098             0.844718         1.380976
  0.4930      -0.862463        0.197448             0.901555         0.487209
  0.5111      -0.887798        0.161917             0.924626         0.272838
  0.4461      -0.738713        0.451566             0.698807        17.941905
  0.4360      -0.683318        0.567270             0.459853        68.240334
  0.4563      -0.780039        0.334872             0.798661         3.021095
  0.4258      -0.635040        0.352820             0.233461        44.823720
  0.4031      -0.562493        0.224714             0.104936        10.822668
  0.3424      -0.424960        0.110521             0.046393         1.589350
  0.4150      -0.597692        0.293872             0.160994        23.169607
  0.3891      -0.524778        0.193904             0.077221         5.581676
  0.0000      -0.004883        0.000000             0.010254         0.000000
  0.3709      -0.483228        0.150141             0.062280         3.261700
  0.4792      -0.837197        0.212748             0.876214         0.722870
  0.4674      -0.811583        0.259012             0.844868         1.499368
  0.5401      -0.917682        0.125517             0.948226         0.155643
  0.4565      -0.780242        0.315906             0.797026         3.874352
  0.4932      -0.862832        0.195479             0.901856         0.491018
  0.4462      -0.741109        0.440312             0.711996        12.704757
  0.4362      -0.691415        0.512493             0.529928        52.006104
  0.5114      -0.888083        0.150413             0.924711         0.270308
  0.4260      -0.637057        0.410406             0.262017        49.812396
  0.4033      -0.562687        0.218966             0.107391        10.744381
  0.4152      -0.598630        0.275799             0.156353        20.376759
  0.3893      -0.526082        0.181930             0.080275         5.706034
  0.3430      -0.426631        0.108104             0.046527         1.775122
  0.2077      -0.223777        0.028300             0.020758         0.204749
  0.3713      -0.483753        0.148942             0.060586         3.040869
  0.4794      -0.837842        0.228325             0.876811         0.776164
  0.5407      -0.917816        0.128364             0.948299         0.148016
  0.4566      -0.780289        0.336492             0.799148         3.130342
  0.4935      -0.862893        0.195891             0.901767         0.478931
  0.5117      -0.888265        0.160541             0.924902         0.277462
  0.4464      -0.740792        0.539829             0.696391        27.651205
  0.4363      -0.688633        0.576667             0.495487        66.027004
  0.4261      -0.635536        0.370678             0.273270        44.450401
  0.4035      -0.563072        0.222394             0.107728        11.001453
  0.4154      -0.598524        0.285478             0.162239        22.889865
  0.3895      -0.525407        0.177094             0.079310         5.682571
  0.3436      -0.428000        0.116953             0.047670         1.814524
  0.4675      -0.810679        0.285314             0.844619         1.409354
  0.2229      -0.241975        0.032689             0.023861         0.300598
  0.3716      -0.484725        0.145757             0.064771         3.378528
  0.4796      -0.837490        0.229330             0.876519         0.733549
  0.5414      -0.917895        0.131344             0.948329         0.155285
  0.4568      -0.780693        0.323539             0.801664         2.601729
  0.5121      -0.888229        0.154900             0.924766         0.265370
  0.4937      -0.863522        0.187820             0.902185         0.475230
  0.4465      -0.740428        0.446819             0.706333        15.070933
  0.4365      -0.684473        0.534298             0.464006        71.761655
  0.4037      -0.562679        0.247107             0.114943        11.558004
  0.4263      -0.638773        0.365920             0.272320        45.045407
  0.3898      -0.526177        0.173112             0.080642         5.538044
  0.4155      -0.598138        0.281346             0.149356        19.203119
  0.3442      -0.428510        0.103760             0.046556         1.706311
  0.4677      -0.811095        0.285768             0.844890         1.565663
  0.2337      -0.256458        0.033792             0.023389         0.305878
  0.3719      -0.484287        0.159270             0.062956         3.342401
  0.5420      -0.918602        0.123878             0.948841         0.144808
  0.4798      -0.839066        0.222041             0.878065         0.741132
  0.5124      -0.889208        0.158721             0.925669         0.280876
  0.4939      -0.862975        0.201296             0.902134         0.471315
  0.4467      -0.743095        0.422185             0.717250        12.622096
  0.4366      -0.691412        0.537629             0.520077        53.098630
  0.4039      -0.563733        0.211882             0.106716        10.634383
  0.4264      -0.640357        0.382096             0.287441        44.997877
  0.4157      -0.599431        0.282466             0.153140        20.286166
  0.3900      -0.527008        0.187146             0.079902         6.136444
  0.4679      -0.812348        0.290607             0.845954         1.508285
  0.3447      -0.429219        0.106875             0.047722         1.675744
  0.2421      -0.268684        0.039576             0.024776         0.327593
  0.4570      -0.779741        0.352282             0.796913         3.647939
  0.3722      -0.486936        0.144390             0.066333         3.715956
  0.5426      -0.919339        0.111923             0.949256         0.130973
  0.4800      -0.838236        0.230655             0.877490         0.725722
  0.5127      -0.890297        0.154938             0.926747         0.245180
  0.4942      -0.863841        0.196628             0.903286         0.452537
  0.4468      -0.742317        0.493116             0.709005        19.798254
  0.4368      -0.686778        0.492715             0.466539        62.375033
  0.4040      -0.563580        0.238594             0.114699        10.349460
  0.4680      -0.811801        0.276843             0.844550         1.775422
  0.4159      -0.598033        0.269764             0.138452        19.685540
  0.3902      -0.528261        0.186792             0.083587         6.670519
  0.4266      -0.636041        0.382896             0.239987        44.719554
  0.3453      -0.431512        0.114962             0.049449         1.915277
  0.4571      -0.781300        0.331907             0.801221         2.855575
  0.2490      -0.276977        0.043794             0.025650         0.405481
  0.3725      -0.487035        0.151614             0.064623         3.658309
  0.5433      -0.920149        0.124744             0.950055         0.142882
  0.4802      -0.838521        0.214379             0.877676         0.727287
  0.5131      -0.890009        0.153840             0.926129         0.269048
  0.4944      -0.864612        0.196343             0.903658         0.490168
  0.4369      -0.693718        0.563059             0.525136        61.307028
  0.4470      -0.745469        0.432114             0.726984        10.695436
  0.4682      -0.812820        0.273265             0.845683         1.636737
  0.4042      -0.564873        0.244151             0.115570        11.531431
  0.4160      -0.601381        0.296604             0.154677        20.780121
  0.3905      -0.527575        0.186129             0.079946         5.383312
  0.4268      -0.640099        0.366747             0.274151        43.343982
  0.3459      -0.432863        0.122452             0.048606         1.978217
  0.4573      -0.781142        0.353639             0.797629         4.292515
  0.2548      -0.285429        0.043469             0.026165         0.377439
  0.3728      -0.487305        0.164914             0.062455         3.366273
  0.5439      -0.920756        0.116828             0.950354         0.137782
  0.4804      -0.840435        0.241050             0.879266         0.758852
  0.5134      -0.890525        0.168354             0.926972         0.264945
  0.4947      -0.865127        0.202830             0.904445         0.461149
  0.4371      -0.695848        0.561417             0.547555        59.726508
  0.4684      -0.813092        0.273259             0.846459         1.395200
  0.4471      -0.746828        0.393789             0.734747         6.746990
  0.4044      -0.565845        0.221586             0.111308        10.128977
  0.4162      -0.602546        0.294713             0.163217        23.431367
  0.3464      -0.433639        0.110840             0.048639         1.897545
  0.4574      -0.783271        0.338326             0.798956         4.511489
  0.4269      -0.640498        0.388428             0.275167        50.961700
  0.2599      -0.292210        0.045800             0.026521         0.414546
  0.3907      -0.528594        0.191611             0.079632         5.478616
  0.3731      -0.488232        0.164162             0.062399         3.770454
  0.5446      -0.921496        0.128228             0.951029         0.146649
  0.4806      -0.839498        0.241386             0.877592         0.963010
  0.4949      -0.865879        0.189703             0.905043         0.446287
  0.5137      -0.890670        0.152959             0.927154         0.241060
  0.4372      -0.691098        0.545982             0.495095        68.079952
  0.4685      -0.814043        0.279511             0.847674         1.485380
  0.4473      -0.746387        0.417459             0.728377         8.077188
  0.4046      -0.566228        0.237086             0.104304        10.996554
  0.4164      -0.601955        0.272230             0.164612        24.061115
  0.4576      -0.783486        0.324668             0.801129         3.139009
  0.3469      -0.433439        0.123694             0.045667         1.713436
  0.4271      -0.640245        0.424257             0.265480        51.771404
  0.2643      -0.298930        0.053459             0.027374         0.470319
  0.3909      -0.529911        0.184781             0.087184         6.816950
  0.3735      -0.489356        0.160865             0.064807         3.534170
  0.5453      -0.921876        0.125569             0.951158         0.145350
  0.5141      -0.891195        0.162124             0.927217         0.266551
  0.4952      -0.864693        0.179019             0.904237         0.401182
  0.4374      -0.690571        0.609677             0.477980        80.203269
  0.4687      -0.814222        0.271503             0.848341         1.389827
  0.4474      -0.745112        0.440529             0.718059        11.654198
  0.4808      -0.840048        0.256169             0.878049         0.861999
  0.4165      -0.600764        0.269281             0.154799        21.804483
  0.4048      -0.566708        0.238361             0.120589        13.032432
  0.4577      -0.783124        0.311890             0.801880         3.450391
  0.3475      -0.434115        0.119202             0.048858         2.001401
  0.4272      -0.639899        0.376186             0.258377        46.931715
  0.2683      -0.304758        0.048535             0.027915         0.508840
  0.3911      -0.529768        0.182708             0.082937         6.032650
  0.3738      -0.489247        0.158601             0.062206         3.558192
  0.5460      -0.922249        0.118874             0.951537         0.135852
  0.5144      -0.891211        0.175568             0.927164         0.288104
  0.4954      -0.865580        0.194453             0.904505         0.458446
  0.4375      -0.688694        0.610593             0.450673        84.090145
  0.4689      -0.812447        0.266779             0.845755         1.460958
  0.4476      -0.743717        0.447692             0.718464        10.951237
  0.4167      -0.602519        0.289148             0.162513        24.483491
  0.4050      -0.566770        0.222580             0.121810        10.789540
  0.4579      -0.784606        0.328834             0.805551         2.759678
  0.4810      -0.840168        0.205104             0.879493         0.634135
  0.3480      -0.436260        0.124732             0.047967         1.994161
  0.4274      -0.639576        0.365670             0.247268        45.424855
  0.2719      -0.308873        0.056625             0.028483         0.497137
  0.3914      -0.530219        0.187880             0.083768         6.903546
  0.3741      -0.490376        0.147908             0.062467         3.638316
  0.5467      -0.922977        0.127998             0.952140         0.139999
  0.4956      -0.866066        0.173069             0.905031         0.396854
  0.5148      -0.892112        0.143860             0.928300         0.233792
  0.4377      -0.696026        0.555243             0.531556        53.239535
  0.4691      -0.814361        0.277505             0.847836         1.481423
  0.4477      -0.742899        0.453691             0.704385        18.761112
  0.4052      -0.566921        0.246416             0.110734        11.676878
  0.4581      -0.784999        0.310055             0.807562         2.396319
  0.4169      -0.603387        0.310131             0.178955        24.913377
  0.3485      -0.436568        0.122410             0.048501         1.815863
  0.4812      -0.841099        0.220198             0.880244         0.704817
  0.4275      -0.641440        0.370128             0.257318        47.763229
  0.2752      -0.314479        0.052776             0.030362         0.557343
  0.3916      -0.531258        0.191032             0.080972         5.983814
  0.3744      -0.490927        0.170886             0.064910         3.373089
  0.5474      -0.923674        0.116240             0.952795         0.125664
  0.4959      -0.866954        0.188521             0.905791         0.463987
  0.5151      -0.892125        0.149077             0.928195         0.256177
  0.4378      -0.703724        0.532476             0.603061        36.129125
  0.4692      -0.814111        0.278283             0.846811         1.467610
  0.4479      -0.749045        0.434645             0.735475         8.858287
  0.4582      -0.785300        0.300200             0.808813         2.118554
  0.4054      -0.567081        0.221807             0.112027        11.475905
  0.4170      -0.601314        0.272174             0.159258        21.447907
  0.3490      -0.438796        0.112171             0.050284         1.924273
  0.4814      -0.841960        0.219022             0.881084         0.746157
  0.4277      -0.642943        0.374792             0.276279        50.385099
  0.2783      -0.319073        0.059925             0.029297         0.560931
  0.3918      -0.532161        0.189547             0.089734         7.023071
  0.3747      -0.491810        0.152053             0.066117         3.453450
  0.5481      -0.923998        0.121411             0.952771         0.128638
  0.4961      -0.867118        0.191291             0.906125         0.435580
  0.5155      -0.892984        0.149372             0.928790         0.237755
  0.4380      -0.693625        0.546110             0.497717        67.721486
  0.4694      -0.816113        0.275508             0.850889         1.417495
  0.4480      -0.747813        0.453226             0.722491        17.351941
  0.4584      -0.785172        0.343006             0.803375         3.390453
  0.4055      -0.569304        0.229161             0.119122        12.409703
  0.4172      -0.603490        0.305095             0.159879        22.470765
  0.3495      -0.438376        0.122113             0.047498         1.829489
  0.4816      -0.843148        0.210051             0.882249         0.697061
  0.4278      -0.647984        0.395918             0.334355        52.052109
  0.2811      -0.322677        0.056913             0.030240         0.579406
  0.3920      -0.532202        0.194258             0.081573         5.706101
  0.3750      -0.491921        0.147411             0.065476         3.794547
  0.5489      -0.924781        0.119150             0.953455         0.130738
  0.4964      -0.868330        0.183475             0.907053         0.393605
  0.5158      -0.893673        0.149869             0.929361         0.254245
  0.4381      -0.695703        0.585993             0.515486        63.971431
  0.4696      -0.815414        0.261406             0.848737         1.484563
  0.4482      -0.746511        0.464100             0.711030        21.332776
  0.4585      -0.786414        0.326707             0.807280         3.806396
  0.4174      -0.605212        0.296784             0.183105        27.497153
  0.3500      -0.439859        0.117384             0.048484         2.032001
  0.4818      -0.843082        0.205777             0.882018         0.626461
  0.4280      -0.645215        0.384301             0.276510        60.276336
  0.2837      -0.327180        0.066709             0.030195         0.643808
  0.4057      -0.568616        0.235661             0.109603        11.761228
  0.3922      -0.533293        0.187009             0.083894         5.815249
  0.3753      -0.492423        0.148556             0.067567         3.742206
  0.5496      -0.925385        0.118121             0.953854         0.129627
  0.4966      -0.867267        0.192195             0.906402         0.419098
  0.5162      -0.893810        0.158461             0.929292         0.272574
  0.4698      -0.816429        0.246645             0.850826         1.206363
  0.4383      -0.700520        0.552608             0.566680        55.233682
  0.4483      -0.750896        0.419660             0.740863         8.247173
  0.4587      -0.787037        0.301301             0.807753         2.641436
  0.4175      -0.604623        0.290151             0.153654        20.499708
  0.4820      -0.842557        0.209363             0.880688         0.772215
  0.3505      -0.441681        0.123514             0.048434         1.998750
  0.4281      -0.643456        0.372434             0.267879        51.830619
  0.2862      -0.330614        0.061801             0.032001         0.642730
  0.3925      -0.533476        0.193761             0.085222         6.123116
  0.4059      -0.569174        0.221809             0.108620        11.234461
  0.3756      -0.493286        0.171657             0.067793         4.367127
  0.5504      -0.926208        0.103302             0.954445         0.113973
  0.4969      -0.869028        0.191863             0.907856         0.427742
  0.5166      -0.894493        0.149169             0.930027         0.239987
  0.4384      -0.698736        0.509490             0.546419        43.224635
  0.4699      -0.817734        0.280969             0.852769         1.353007
  0.4485      -0.751183        0.424331             0.742590         7.867348
  0.4588      -0.786896        0.343984             0.807079         3.434848
  0.4177      -0.606155        0.295044             0.150754        21.194461
  0.3510      -0.442318        0.120897             0.050530         2.162241
  0.4822      -0.843915        0.262955             0.882824         0.790890
  0.4283      -0.643577        0.351787             0.260708        46.736169
  0.3927      -0.533710        0.198185             0.085076         6.613757
  0.2885      -0.334715        0.063102             0.032045         0.738261
  0.4061      -0.569835        0.242545             0.114312        11.897964
  0.3758      -0.494511        0.161272             0.066771         3.852912
  0.5512      -0.926593        0.117524             0.954679         0.133125
  0.4971      -0.868653        0.183236             0.907621         0.400160
  0.5169      -0.893900        0.162869             0.929270         0.281303
  0.4386      -0.692601        0.581962             0.495669        66.283130
  0.4487      -0.752086        0.412900             0.741528         7.919233
  0.4701      -0.818012        0.270395             0.852630         1.285721
  0.4590      -0.787308        0.323341             0.808683         2.897931
  0.4179      -0.605546        0.280879             0.150804        20.568198
  0.3515      -0.442847        0.119945             0.049435         2.063761
  0.4824      -0.844019        0.230312             0.883069         0.720331
  0.4285      -0.647734        0.390195             0.316923        56.026593
  0.3929      -0.534006        0.187003             0.088142         6.610734
  0.2906      -0.338547        0.063990             0.032080         0.735937
  0.4063      -0.570741        0.237988             0.116493        12.948105
  0.3761      -0.494132        0.140898             0.068019         3.774130
  0.5520      -0.927122        0.110965             0.955096         0.117717
  0.5173      -0.895871        0.145861             0.931133         0.228193
  0.4387      -0.692295        0.569737             0.435885        95.221235
  0.4703      -0.817961        0.267547             0.852720         1.475554
  0.4974      -0.868424        0.183660             0.907211         0.419822
  0.4488      -0.750608        0.408850             0.737128         9.078823
  0.4592      -0.787735        0.327503             0.808573         2.776590
  0.4180      -0.608062        0.317455             0.194531        27.733038
  0.4826      -0.844641        0.223317             0.883382         0.690876
  0.3520      -0.443510        0.116111             0.051905         2.138525
  0.4286      -0.646571        0.431220             0.287471        51.526749
  0.3931      -0.535200        0.197672             0.081743         6.089136
  0.2927      -0.340741        0.070959             0.032415         0.761561
  0.4065      -0.570598        0.237144             0.113848        10.906129
  0.3764      -0.493989        0.158258             0.065307         3.645316
  0.5528      -0.927904        0.106733             0.955859         0.106545
  0.5177      -0.895004        0.155214             0.930651         0.236502
  0.4389      -0.698471        0.577532             0.511206        68.997088
  0.4976      -0.869224        0.187248             0.907930         0.484558
  0.4704      -0.819286        0.258394             0.855192         1.207735
  0.4490      -0.750681        0.404234             0.735431         7.752157
  0.4593      -0.788076        0.349463             0.808980         3.988646
  0.4182      -0.606924        0.303842             0.162498        24.622149
  0.4828      -0.844637        0.231540             0.883066         0.776147
  0.3524      -0.443654        0.114245             0.049358         2.024753
  0.4288      -0.650245        0.448787             0.336264        61.886690
  0.3933      -0.535759        0.203284             0.086826         7.095159
  0.2947      -0.344727        0.066869             0.032304         0.701885
  0.4066      -0.571569        0.227486             0.119910        12.510774
  0.3767      -0.496232        0.166493             0.066460         3.733088
  0.5536      -0.928884        0.110353             0.956275         0.117269
  0.5180      -0.896075        0.152575             0.931433         0.239994
  0.4390      -0.706359        0.476719             0.609331        22.997600
  0.4706      -0.818395        0.270232             0.853883         1.305271
  0.4979      -0.869014        0.197605             0.907910         0.474792
  0.4491      -0.752266        0.362428             0.744125         7.262797
  0.4595      -0.789403        0.327133             0.813900         2.484104
  0.4183      -0.608171        0.306805             0.168432        23.357525
  0.4830      -0.845132        0.219832             0.884189         0.699709
  0.3936      -0.536395        0.204951             0.087313         6.806139
  0.4289      -0.646938        0.412454             0.299222        54.903852
  0.3529      -0.445631        0.129127             0.052079         2.053547
  0.2965      -0.347060        0.071482             0.032865         0.720537
  0.4068      -0.572026        0.245013             0.114418        12.699444
  0.3770      -0.496379        0.159534             0.063131         3.567294
  0.5545      -0.928541        0.117869             0.956012         0.123381
  0.5184      -0.896580        0.149420             0.931715         0.255785
  0.4708      -0.818343        0.258483             0.852749         1.388714
  0.4392      -0.702404        0.544401             0.541287        68.315852
  0.4982      -0.869761        0.184666             0.908403         0.409678
  0.4493      -0.753479        0.408319             0.744825         7.607722
  0.4596      -0.788362        0.329011             0.810571         2.854448
  0.4832      -0.845080        0.215812             0.883899         0.672579
  0.4185      -0.607784        0.276617             0.159011        22.605821
  0.3938      -0.536121        0.175542             0.091854         7.506064
  0.4291      -0.650312        0.434566             0.291767        60.004041
  0.3534      -0.447386        0.123184             0.053578         2.199653
  0.2983      -0.349791        0.066406             0.033134         0.756030
  0.4070      -0.572141        0.214965             0.114328        11.461964
  0.3773      -0.496879        0.161270             0.065962         3.723272
  0.5553      -0.929163        0.113336             0.956615         0.114387
  0.5188      -0.896038        0.148315             0.931234         0.249011
  0.4710      -0.819209        0.245996             0.855874         1.105224
  0.4393      -0.702229        0.563544             0.561429        50.993318
  0.4984      -0.869798        0.180422             0.908190         0.405533
  0.4494      -0.753598        0.413126             0.741170         9.193928
  0.4598      -0.789133        0.316672             0.813508         2.472118
  0.4834      -0.845465        0.211806             0.884333         0.678875
  0.4187      -0.609200        0.296185             0.178565        31.536774
  0.3940      -0.537358        0.199032             0.086952         6.753437
  0.4292      -0.649051        0.418387             0.304945        53.679950
  0.3538      -0.447083        0.125441             0.050989         2.146665
  0.3000      -0.352809        0.069728             0.033667         0.835288
  0.4072      -0.572590        0.226485             0.116141        13.304463
  0.3776      -0.496597        0.163166             0.066710         4.030006
  0.5192      -0.896816        0.147873             0.932052         0.232669
  0.5562      -0.930582        0.110838             0.957443         0.118375
  0.4712      -0.819109        0.270874             0.854047         1.264866
  0.4395      -0.705216        0.549847             0.574706        47.937912
  0.4987      -0.870956        0.183844             0.909636         0.409008
  0.4496      -0.755558        0.388959             0.751883         5.642302
  0.4600      -0.791435        0.306558             0.817893         2.130480
  0.4836      -0.845487        0.211313             0.884198         0.717418
  0.4188      -0.608045        0.307157             0.156542        21.724551
  0.3942      -0.538362        0.199893             0.089515         7.173384
  0.4294      -0.646359        0.439465             0.257205        51.016646
  0.3543      -0.448825        0.109177             0.051811         2.366814
  0.3017      -0.354947        0.065719             0.033449         0.793106
  0.4074      -0.574216        0.252164             0.117890        13.026650
  0.3779      -0.498541        0.153049             0.069276         4.295374
  0.5196      -0.898462        0.139794             0.933317         0.199043
  0.5571      -0.930796        0.111721             0.957673         0.111983
  0.4713      -0.820050        0.229372             0.855392         1.129907
  0.4396      -0.702001        0.595786             0.538718        64.896465
  0.4989      -0.870561        0.181020             0.908738         0.424806
  0.4497      -0.754802        0.384175             0.747349         7.310254
  0.4838      -0.845325        0.218243             0.883956         0.753663
  0.4190      -0.608114        0.305306             0.156621        23.827630
  0.4601      -0.790986        0.312175             0.815852         2.294825
  0.3944      -0.537649        0.191965             0.089555         7.192197
  0.4295      -0.651980        0.481498             0.314324        66.938750
  0.3548      -0.449491        0.125875             0.050155         1.894818
  0.3032      -0.357341        0.075486             0.033918         0.800167
  0.4075      -0.573697        0.265322             0.117979        13.692613
  0.3781      -0.498398        0.158969             0.066881         3.745315
  0.5199      -0.897355        0.148296             0.932686         0.218748
  0.5580      -0.931326        0.112456             0.957935         0.117392
  0.4715      -0.819586        0.254682             0.854068         1.294574
  0.4992      -0.871045        0.179328             0.909889         0.415429
  0.4398      -0.703807        0.530662             0.542563        65.733480
  0.4499      -0.755677        0.417468             0.751351         6.837648
  0.4840      -0.845376        0.224163             0.884560         0.690623
  0.4603      -0.790819        0.348010             0.809063         8.285490
  0.4192      -0.607965        0.276290             0.149449        18.418742
  0.3946      -0.538713        0.192418             0.085093         6.373902
  0.3552      -0.449571        0.128702             0.053396         2.240154
  0.4297      -0.649920        0.370101             0.301659        53.355504
  0.3047      -0.358952        0.076710             0.035122         0.855405
  0.4077      -0.575048        0.250512             0.117725        12.570394
  0.3784      -0.499961        0.171045             0.063617         3.942006
  0.5590      -0.932060        0.112886             0.958378         0.113457
  0.5203      -0.898078        0.157854             0.933177         0.237445
  0.4717      -0.820148        0.268220             0.853600         1.751889
  0.4994      -0.871547        0.183239             0.910529         0.367101
  0.4399      -0.704631        0.574748             0.553908        57.652810
  0.4500      -0.753132        0.514251             0.710678        49.307155
  0.4842      -0.846309        0.226729             0.885525         0.663853
  0.4604      -0.792485        0.318687             0.818139         2.499043
  0.4193      -0.611465        0.291030             0.179577        28.588070
  0.3949      -0.539345        0.215734             0.086934         6.921708
  0.4298      -0.652308        0.421329             0.296382        57.068747
  0.3062      -0.361482        0.079624             0.034510         0.931531
  0.4079      -0.574620        0.222203             0.111039        11.538612
  0.3556      -0.451316        0.117384             0.054718         2.380657
  0.3787      -0.500806        0.173146             0.068950         4.260818
  0.5207      -0.898820        0.143100             0.933446         0.224528
  0.5599      -0.932407        0.111419             0.958845         0.108840
  0.4719      -0.822411        0.247255             0.858589         1.061803
  0.4997      -0.872664        0.180365             0.911104         0.408611
  0.4401      -0.706754        0.532222             0.576222        48.893372
  0.4502      -0.756194        0.418801             0.750179         7.493158
  0.4844      -0.846602        0.221846             0.885646         0.776896
  0.4606      -0.791187        0.316411             0.813298         3.287612
  0.4195      -0.613166        0.284698             0.183642        26.254832
  0.3951      -0.539509        0.201384             0.093394         7.194654
  0.3076      -0.364884        0.081867             0.036230         0.936139
  0.4300      -0.653503        0.461072             0.321156        59.548748
  0.4081      -0.575529        0.249847             0.128479        15.640475
  0.3790      -0.501040        0.174395             0.071425         4.557106
  0.3561      -0.452400        0.137465             0.052033         2.368744
  0.5211      -0.898929        0.146623             0.933719         0.205269
  0.5609      -0.933108        0.102949             0.959432         0.095809
  0.4720      -0.821971        0.253286             0.858491         1.061489
  0.5000      -0.872825        0.183744             0.911370         0.369127
  0.4402      -0.711194        0.434318             0.617132        26.660415
  0.4503      -0.756274        0.398742             0.743286        11.170538
  0.4846      -0.846946        0.237392             0.885327         0.789920
  0.4608      -0.792297        0.303480             0.815700         2.892073
  0.4196      -0.612429        0.297481             0.187913        30.084213
  0.3953      -0.539814        0.218837             0.087273         7.097801
  0.3089      -0.366838        0.079377             0.034641         0.842608
  0.4301      -0.656356        0.427320             0.344796        60.297562
  0.4083      -0.575602        0.226947             0.114525        11.455923
  0.3565      -0.452767        0.116917             0.052686         2.315067
  0.3792      -0.500708        0.171495             0.068594         4.031046
  0.5215      -0.899454        0.139605             0.934099         0.213267
  0.4722      -0.822050        0.268308             0.857388         1.476616
  0.5002      -0.872896        0.188078             0.911389         0.364044
  0.5619      -0.934491        0.106331             0.960251         0.106639
  0.4404      -0.712596        0.525316             0.611353        37.545102
  0.4505      -0.758163        0.382863             0.759922         4.848514
  0.4848      -0.847795        0.203389             0.887055         0.599343
  0.4609      -0.791805        0.311219             0.815292         2.873013
  0.4198      -0.611660        0.286494             0.161394        22.497221
  0.3955      -0.540991        0.196465             0.088309         7.109321
  0.3103      -0.368469        0.082952             0.035299         0.868914
  0.4303      -0.657312        0.463094             0.359761        58.718446
  0.4084      -0.576077        0.235924             0.114470        11.719956
  0.3795      -0.501335        0.166749             0.067589         3.867264
  0.3569      -0.453872        0.117859             0.052926         2.401864
  0.5219      -0.900210        0.142783             0.934672         0.210155
  0.4724      -0.821409        0.252745             0.858202         0.995983
  0.5005      -0.873466        0.171645             0.912093         0.366863
  0.4405      -0.709023        0.595220             0.583269        59.747506
  0.5630      -0.934383        0.101021             0.960253         0.094486
  0.4506      -0.756875        0.481240             0.738265        16.601808
  0.4850      -0.848649        0.211567             0.888215         0.586704
  0.4611      -0.793370        0.300913             0.819981         2.164855
  0.4200      -0.612700        0.292249             0.199213        29.789324
  0.3957      -0.541341        0.204334             0.097750         9.148735
  0.3115      -0.371054        0.078483             0.036348         0.888020
  0.4304      -0.656493        0.457208             0.350320        62.730513
  0.4086      -0.577259        0.245999             0.124604        14.795657
  0.3798      -0.502294        0.166466             0.071820         4.671652
  0.3574      -0.454409        0.133253             0.052629         2.309438
  0.5223      -0.899987        0.155555             0.934811         0.222694
  0.4726      -0.822284        0.259969             0.857429         1.309826
  0.5008      -0.873612        0.187996             0.911937         0.397194
  0.5640      -0.935780        0.091674             0.961159         0.087477
  0.4407      -0.710644        0.541371             0.588621        50.872583
  0.4508      -0.759564        0.384394             0.761407         5.185071
  0.4853      -0.847990        0.219093             0.887438         0.654452
  0.4612      -0.793450        0.330533             0.820516         2.112633
  0.4201      -0.611855        0.323722             0.167404        25.136182
  0.3959      -0.541751        0.204414             0.089577         7.382570
  0.3128      -0.373143        0.078895             0.036088         0.992065
  0.4306      -0.656521        0.490629             0.357157        63.424277
  0.4088      -0.577605        0.227377             0.114413        11.364042
  0.3801      -0.503247        0.164739             0.069832         3.888536
  0.3578      -0.455172        0.135021             0.053394         2.247517
  0.5228      -0.901507        0.140362             0.935514         0.208705
  0.4727      -0.824408        0.247225             0.861618         1.052224
  0.5010      -0.873557        0.196902             0.911834         0.411964
  0.5651      -0.936436        0.103267             0.961621         0.097586
  0.4408      -0.715086        0.528882             0.617398        37.560382
  0.4509      -0.761778        0.361741             0.764675         5.138993
  0.4855      -0.849979        0.201966             0.889661         0.619930
  0.4614      -0.796235        0.291816             0.823292         2.293033
  0.4203      -0.614526        0.298037             0.184375        29.993871
  0.3961      -0.543952        0.181292             0.090198         7.053448
  0.3139      -0.374613        0.070927             0.037113         1.018421
  0.4307      -0.657377        0.400238             0.337958        57.816880
  0.4090      -0.578671        0.260252             0.125004        16.117772
  0.3803      -0.503529        0.182621             0.068052         4.244364
  0.3582      -0.456348        0.129246             0.054457         2.624412
  0.5232      -0.900887        0.149364             0.935403         0.207626
  0.5663      -0.937060        0.111918             0.961988         0.102253
  0.5013      -0.874447        0.176015             0.912513         0.380951
  0.4410      -0.713278        0.556324             0.603147        39.564875
  0.4511      -0.760008        0.398607             0.757461         7.590330
  0.4729      -0.824550        0.243049             0.860287         1.223639
  0.4857      -0.849956        0.195039             0.889015         0.609058
  0.4616      -0.795524        0.320706             0.822456         2.385357
  0.4204      -0.613781        0.336742             0.173018        28.364975
  0.3963      -0.543385        0.182278             0.095886         7.538848
  0.3151      -0.376773        0.077901             0.035841         0.964233
  0.4309      -0.659825        0.453384             0.365760        65.816178
  0.4092      -0.578436        0.260772             0.124578        14.634000
  0.3806      -0.504863        0.178236             0.069809         4.357218
  0.3586      -0.456931        0.132524             0.052615         2.382832
  0.5236      -0.902208        0.155972             0.936061         0.236544
  0.5674      -0.937278        0.102625             0.962122         0.097921
  0.5016      -0.874757        0.178541             0.913018         0.365615
  0.4411      -0.710309        0.642350             0.559631        70.623669
  0.4512      -0.760504        0.351269             0.757606         7.123995
  0.4731      -0.824474        0.243799             0.861870         0.985745
  0.4859      -0.850230        0.209254             0.889863         0.637640
  0.4617      -0.794687        0.290378             0.822216         1.974501
  0.4206      -0.616014        0.302475             0.201128        28.913250
  0.3965      -0.545202        0.205114             0.093709         8.023828
  0.3162      -0.378275        0.081549             0.037044         1.086438
  0.4311      -0.653550        0.438471             0.289599        60.137929
  0.4093      -0.579831        0.230158             0.126702        14.657996
  0.3809      -0.505821        0.185753             0.071850         4.410946
  0.3590      -0.457923        0.132152             0.054607         2.495350
  0.5240      -0.902244        0.145934             0.936276         0.214479
  0.5686      -0.938297        0.095254             0.962857         0.088480
  0.5019      -0.875506        0.174341             0.914248         0.345129
  0.4413      -0.719953        0.491248             0.657013        23.644770
  0.4514      -0.762170        0.403173             0.759578         7.318254
  0.4733      -0.824815        0.247454             0.861834         1.005939
  0.4861      -0.850278        0.223568             0.888868         0.684402
  0.4619      -0.796948        0.311150             0.825364         2.251374
  0.4208      -0.616234        0.308847             0.195633        33.967667
  0.3173      -0.379668        0.086463             0.038463         1.058553
  0.4312      -0.662125        0.488858             0.380158        60.074115
  0.3967      -0.544159        0.197063             0.097842         8.450608
  0.4095      -0.581239        0.247075             0.132667        16.034709
  0.3811      -0.506584        0.172037             0.072177         4.849124
  0.3594      -0.458498        0.134054             0.054815         2.395360
  0.5244      -0.902930        0.144791             0.936727         0.226313
  0.5698      -0.939142        0.088019             0.963493         0.087859
  0.5021      -0.875954        0.178430             0.914044         0.371281
  0.4414      -0.715056        0.636366             0.598123        63.081608
  0.4515      -0.761955        0.397762             0.762582         6.397398
  0.4735      -0.824859        0.238121             0.862390         1.027055
  0.4863      -0.850549        0.221080             0.889799         0.623380
  0.4621      -0.796235        0.318355             0.822729         2.353811
  0.4209      -0.615118        0.296466             0.169138        26.125925
  0.3184      -0.382713        0.080838             0.037170         1.028647
  0.4314      -0.659216        0.469441             0.330320        63.389169
  0.3970      -0.544557        0.215173             0.093424         8.570597
  0.4097      -0.578998        0.248609             0.113832        12.208954
  0.3814      -0.507843        0.176157             0.070179         4.501799
  0.3598      -0.460058        0.128564             0.055202         2.573516
  0.5249      -0.903122        0.142073             0.937136         0.213909
  0.5711      -0.939731        0.102723             0.963773         0.092434
  0.5024      -0.875425        0.183167             0.913678         0.377890
  0.4416      -0.721726        0.473052             0.662933        24.087329
  0.4736      -0.825514        0.241185             0.862228         1.015357
  0.4517      -0.762445        0.414738             0.758826        12.304733
  0.4865      -0.850859        0.214884             0.889846         0.654959
  0.4622      -0.796379        0.300411             0.822835         2.665536
  0.4211      -0.617005        0.305805             0.185613        30.726219
  0.3194      -0.384744        0.083748             0.039262         1.050509
  0.4315      -0.659990        0.449243             0.359299        62.964814
  0.3972      -0.545478        0.214245             0.093694         8.041335
  0.4099      -0.581008        0.248926             0.128273        15.529398
  0.3602      -0.460053        0.137599             0.054027         2.589415
  0.3817      -0.507282        0.173588             0.068873         4.498447
  0.5253      -0.903250        0.147715             0.937257         0.203459
  0.5724      -0.940388        0.093914             0.964300         0.087049
  0.5027      -0.877069        0.176254             0.914897         0.336565
  0.4417      -0.718915        0.508047             0.627909        38.066394
  0.4738      -0.825315        0.236243             0.861667         1.088159
  0.4518      -0.763080        0.390376             0.762815         7.235521
  0.4867      -0.852533        0.203082             0.892272         0.546273
  0.4624      -0.797584        0.298368             0.826368         2.150510
  0.4213      -0.619825        0.357946             0.215167        35.050282
  0.3204      -0.386042        0.087266             0.038270         1.060022
  0.4317      -0.661805        0.480852             0.359271        65.593053
  0.3974      -0.546122        0.207590             0.095444         9.010258
  0.4100      -0.581958        0.237743             0.128621        14.209813
  0.3606      -0.461369        0.140934             0.055219         2.582014
  0.3819      -0.508012        0.166233             0.071767         4.913685
  0.5738      -0.941427        0.096717             0.965058         0.084236
  0.5257      -0.903782        0.157573             0.937347         0.230781
  0.5030      -0.876493        0.183377             0.914366         0.388481
  0.4419      -0.722118        0.462725             0.662639        19.105686
  0.4740      -0.825190        0.252739             0.862366         1.022219
  0.4520      -0.763509        0.365724             0.765627         5.177804
  0.4869      -0.850480        0.211373             0.890090         0.620189
  0.4625      -0.798320        0.301976             0.826176         2.227259
  0.4214      -0.617666        0.320157             0.177726        31.778730
  0.3214      -0.387307        0.089764             0.037883         1.071623
  0.4318      -0.659556        0.460927             0.333019        64.743887
  0.3976      -0.547130        0.200215             0.094495         8.307757
  0.4102      -0.581727        0.245177             0.122137        13.540512
  0.3610      -0.461613        0.136541             0.054196         2.403171
  0.3822      -0.508799        0.191811             0.074195         4.506127
  0.5752      -0.941882        0.095139             0.965370         0.082387
  0.5262      -0.904713        0.140456             0.938134         0.202530
  0.4420      -0.719811        0.513937             0.644836        28.314044
  0.5032      -0.877095        0.196903             0.915271         0.392131
  0.4742      -0.825958        0.254321             0.862600         0.999893
  0.4522      -0.764780        0.374112             0.767229         6.665995
  0.4872      -0.851503        0.203952             0.890328         0.602870
  0.4627      -0.798410        0.284852             0.826381         1.970577
  0.4216      -0.619614        0.300771             0.192322        32.656608
  0.3224      -0.389188        0.091469             0.037526         1.051813
  0.3978      -0.547575        0.213704             0.099873         9.002140
  0.4320      -0.661381        0.480125             0.365686        66.243488
  0.4104      -0.582314        0.257980             0.123460        14.182642
  0.3614      -0.463098        0.124593             0.054028         2.468982
  0.3824      -0.508930        0.159621             0.072477         4.596062
  0.5766      -0.943225        0.089463             0.966249         0.075698
  0.5266      -0.905006        0.144491             0.938388         0.213003
  0.4422      -0.721953        0.506105             0.654658        21.897428
  0.4744      -0.827333        0.233841             0.863998         1.060643
  0.4523      -0.765708        0.345191             0.772481         4.309899
  0.4874      -0.852628        0.198782             0.892292         0.562451
  0.5035      -0.878316        0.176297             0.916166         0.349867
  0.4629      -0.799204        0.290850             0.827652         1.916157
  0.4217      -0.619683        0.334459             0.192757        31.867580
  0.3233      -0.391416        0.089325             0.038999         1.167576
  0.3980      -0.547004        0.220111             0.091548         7.799897
  0.4321      -0.666482        0.498466             0.402132        58.912190
  0.4106      -0.583750        0.252231             0.130881        15.406981
  0.3618      -0.463243        0.127977             0.055215         2.491234
  0.3827      -0.509308        0.156933             0.072031         4.732323
  0.5271      -0.905306        0.136788             0.938865         0.190829
  0.5781      -0.943746        0.095897             0.966501         0.085830
  0.4423      -0.725433        0.451313             0.677647        15.330820
  0.4746      -0.827136        0.236283             0.864298         0.893235
  0.4525      -0.767084        0.327154             0.777308         3.591365
  0.4876      -0.852431        0.222782             0.891908         0.594236
  0.5038      -0.878188        0.170391             0.916195         0.330052
  0.4630      -0.799601        0.281939             0.828398         1.794140
  0.4219      -0.618036        0.281368             0.163768        23.741244
  0.3243      -0.392751        0.092268             0.039023         1.269652
  0.3982      -0.548423        0.207570             0.096969         9.064158
  0.4323      -0.661952        0.460532             0.328483        64.608892
  0.4107      -0.583898        0.236964             0.126215        15.051473
  0.3622      -0.464493        0.130432             0.057713         2.725423
  0.3830      -0.510881        0.174531             0.074794         4.683369
  0.5797      -0.944703        0.090755             0.967214         0.077263
  0.5275      -0.905857        0.143361             0.939128         0.188061
  0.4425      -0.722559        0.461327             0.655253        22.512494
  0.4747      -0.827872        0.226582             0.864791         1.013808
  0.4526      -0.765020        0.385923             0.768679         6.848913
  0.4878      -0.853377        0.200333             0.893544         0.501958
  0.5041      -0.878402        0.172724             0.916663         0.327617
  0.4632      -0.799102        0.304332             0.827596         2.010872
  0.4220      -0.617965        0.289796             0.163233        25.628882
  0.3984      -0.548974        0.186896             0.099409         8.711540
  0.4324      -0.664023        0.504413             0.354822        74.838455
  0.4109      -0.583334        0.262680             0.135980        16.200655
  0.3252      -0.393688        0.099416             0.040469         1.162922
  0.3626      -0.464825        0.135564             0.055079         2.628259
  0.3832      -0.511998        0.160966             0.073404         4.696874
  0.5813      -0.945571        0.099176             0.967702         0.082532
  0.5280      -0.906306        0.147288             0.939497         0.207267
  0.4426      -0.724286        0.496991             0.655546        38.300495
  0.4749      -0.828776        0.234951             0.865643         0.980784
  0.4528      -0.767086        0.349711             0.774251         4.028523
  0.4880      -0.854122        0.193780             0.894286         0.523517
  0.5044      -0.878755        0.180693             0.916617         0.346531
  0.4634      -0.801356        0.278461             0.830260         1.893662
  0.4222      -0.619516        0.306456             0.192786        30.820004
  0.3986      -0.549554        0.206962             0.095367         8.044098
  0.4326      -0.663861        0.499277             0.346174        62.139848
  0.4111      -0.585490        0.262271             0.138339        16.736061
  0.3260      -0.395525        0.092355             0.040125         1.205446
  0.3630      -0.465720        0.143830             0.054732         2.553817
  0.3835      -0.512055        0.177425             0.075678         4.701974
  0.5831      -0.946927        0.090887             0.968586         0.078839
  0.5285      -0.906730        0.133129             0.939975         0.188846
  0.4428      -0.723274        0.553247             0.650087        30.090240
  0.4751      -0.829595        0.243315             0.867032         0.955486
  0.4529      -0.768172        0.380443             0.777265         4.587540
  0.4882      -0.853515        0.205961             0.893111         0.568887
  0.5047      -0.878915        0.186258             0.916554         0.356209
  0.4635      -0.799907        0.261573             0.829160         1.697875
  0.4224      -0.620243        0.309583             0.178151        24.122706
  0.3988      -0.549937        0.200516             0.101017         9.155214
  0.4327      -0.663681        0.455076             0.335819        63.396161
  0.4113      -0.584619        0.247547             0.126220        14.444939
  0.3269      -0.397119        0.095117             0.040819         1.219952
  0.3633      -0.466847        0.129744             0.057477         2.831068
  0.3837      -0.511178        0.176799             0.075762         5.266944
  0.5289      -0.907282        0.140383             0.940416         0.189561
  0.5848      -0.947430        0.092060             0.968929         0.075355
  0.4429      -0.727089        0.499142             0.668056        24.022524
  0.4753      -0.829734        0.238220             0.867169         1.050707
  0.4531      -0.769534        0.365472             0.779739         4.693862
  0.4885      -0.854734        0.197252             0.894278         0.537911
  0.5049      -0.879850        0.174972             0.917844         0.335199
  0.4637      -0.800649        0.306381             0.829622         2.274497
  0.4225      -0.620549        0.283263             0.185092        29.558445
  0.3990      -0.549366        0.218676             0.095198         8.011996
  0.4329      -0.670812        0.559027             0.436541        67.387266
  0.4114      -0.585358        0.261367             0.135124        18.503699
  0.3278      -0.398681        0.090216             0.040266         1.224946
  0.3637      -0.467316        0.137216             0.055864         2.704224
  0.3840      -0.512088        0.181502             0.074322         4.847386
  0.5294      -0.908029        0.143914             0.940963         0.189722
  0.4431      -0.725116        0.465801             0.660113        21.617593
  0.4755      -0.829998        0.250150             0.867188         0.968594
  0.4887      -0.854944        0.198875             0.894417         0.515127
  0.4532      -0.768020        0.334498             0.773108         4.903853
  0.5867      -0.948491        0.086801             0.969721         0.067888
  0.5052      -0.881126        0.175573             0.919009         0.319563
  0.4639      -0.801382        0.289298             0.831057         1.905428
  0.4227      -0.623216        0.303030             0.191390        30.792207
  0.3992      -0.550493        0.199433             0.099082         7.687746
  0.4330      -0.667014        0.491069             0.376747        72.158926
  0.4116      -0.587363        0.280030             0.148864        18.566135
  0.3286      -0.400199        0.106193             0.040665         1.287594
  0.3641      -0.467678        0.139912             0.056172         2.792632
  0.3842      -0.513421        0.179039             0.075870         5.051582
  0.5299      -0.908031        0.144708             0.940605         0.204225
  0.4432      -0.723566        0.491905             0.649730        24.978409
  0.4757      -0.829434        0.264520             0.866753         1.021155
  0.4889      -0.855001        0.204359             0.894943         0.537889
  0.5887      -0.949133        0.078505             0.970017         0.065509
  0.4534      -0.767501        0.350996             0.772116         5.787247
  0.5055      -0.880850        0.186834             0.918731         0.332527
  0.4640      -0.802333        0.270728             0.834919         1.373277
  0.4228      -0.622307        0.324291             0.190011        29.925732
  0.3994      -0.551676        0.211371             0.097795         9.624358
  0.4332      -0.668954        0.485763             0.372118        76.175904
  0.4118      -0.586770        0.278682             0.133327        15.392990
  0.3644      -0.469209        0.144011             0.056576         2.861006
  0.3294      -0.401635        0.093223             0.041924         1.469900
  0.3845      -0.512514        0.169862             0.072044         4.914038
  0.5304      -0.908661        0.140735             0.941179         0.195080
  0.4434      -0.727193        0.472843             0.664719        20.390377
  0.4758      -0.831302        0.241462             0.869438         0.827294
  0.4891      -0.855945        0.221003             0.895240         0.590078
  0.4535      -0.768408        0.395909             0.771009         6.870445
  0.5907      -0.950000        0.088035             0.970751         0.069502
  0.5058      -0.881378        0.158752             0.919043         0.302491
  0.4642      -0.802723        0.287515             0.834087         1.567649
  0.4230      -0.623832        0.338875             0.218778        34.562828
  0.3996      -0.551051        0.204007             0.092423         7.842309
  0.4333      -0.668078        0.495232             0.375418        68.672246
  0.4120      -0.589234        0.248472             0.137182        18.637143
  0.3648      -0.469388        0.136283             0.058331         3.034438
  0.3302      -0.403610        0.101814             0.043905         1.344802
  0.3847      -0.514656        0.181154             0.076876         5.180580
  0.5309      -0.908953        0.127253             0.941492         0.177221
  0.4760      -0.829678        0.241440             0.866979         0.979724
  0.4435      -0.730051        0.469713             0.673888        24.694079
  0.4893      -0.855863        0.189224             0.895706         0.499514
  0.5929      -0.951322        0.080250             0.971587         0.061868
  0.4537      -0.770276        0.320602             0.780015         3.904845
  0.5061      -0.881568        0.162126             0.919355         0.302463
  0.4643      -0.802382        0.276202             0.831932         2.035885
  0.4232      -0.622882        0.293671             0.204698        33.053545
  0.3998      -0.552018        0.221265             0.100187         9.185626
  0.4335      -0.668271        0.484968             0.375074        63.435195
  0.4121      -0.587085        0.255220             0.139273        18.641345
  0.3652      -0.469892        0.134938             0.056656         2.621062
  0.3310      -0.405023        0.098784             0.042029         1.361413
  0.3850      -0.513582        0.181544             0.072728         4.616902
  0.5313      -0.908984        0.134755             0.941446         0.187907
  0.4762      -0.829643        0.225624             0.866550         1.023569
  0.4896      -0.855356        0.198583             0.894768         0.569522
  0.4437      -0.730803        0.490917             0.677983        27.325805
  0.4538      -0.768777        0.396212             0.773233         6.387958
  0.5952      -0.952377        0.080244             0.972246         0.063578
  0.4645      -0.803169        0.266752             0.834856         1.589880
  0.5064      -0.881678        0.175897             0.918967         0.350036
  0.4233      -0.623586        0.333525             0.197013        31.796870
  0.4000      -0.552100        0.197571             0.100471         9.764883
  0.4336      -0.667919        0.489098             0.391353        64.450775
  0.4123      -0.589446        0.291598             0.156437        21.216526
  0.3655      -0.470720        0.143165             0.058523         2.810055
  0.3317      -0.406287        0.103264             0.042461         1.366400
  0.3852      -0.514787        0.167063             0.074385         4.812042
  0.5318      -0.909690        0.131893             0.942170         0.170957
  0.4764      -0.830880        0.238306             0.868083         1.025657
  0.4438      -0.725808        0.522731             0.651445        27.764446
  0.4898      -0.856384        0.203725             0.896058         0.538156
  0.4540      -0.769679        0.378345             0.773803         6.552122
  0.5977      -0.953414        0.085098             0.972938         0.065453
  0.4647      -0.803456        0.288929             0.834579         1.797965
  0.5067      -0.881462        0.166563             0.919089         0.311380
  0.4235      -0.623175        0.324540             0.178183        27.589711
  0.4002      -0.553908        0.205002             0.097954         8.392797
  0.4125      -0.587871        0.240594             0.127553        15.430473
  0.4338      -0.670300        0.505265             0.384782        68.059316
  0.3659      -0.471674        0.142421             0.059577         2.916201
  0.3325      -0.405987        0.096555             0.041494         1.254051
  0.3855      -0.516978        0.155680             0.076478         4.982464
  0.5324      -0.910593        0.138896             0.942696         0.187524
  0.4766      -0.832526        0.248841             0.871202         0.843638
  0.4440      -0.730808        0.486919             0.681217        18.992958
  0.4900      -0.856729        0.214864             0.896249         0.552574
  0.4542      -0.771168        0.393506             0.779660         6.324058
  0.6003      -0.954417        0.077231             0.973613         0.057764
  0.4648      -0.803790        0.302323             0.833408         1.954018
  0.5070      -0.881364        0.175366             0.919027         0.324382
  0.4236      -0.626445        0.347793             0.239429        39.832171
  0.4004      -0.554040        0.208077             0.098665         8.710148
  0.4127      -0.588278        0.291391             0.123097        13.638579
  0.4339      -0.673480        0.492096             0.435083        57.474835
  0.3662      -0.472761        0.144180             0.056450         2.805411
  0.3332      -0.407833        0.097071             0.043463         1.462269
  0.3857      -0.515954        0.175844             0.071294         4.686715
  0.5329      -0.910463        0.141787             0.942663         0.182617
  0.4768      -0.832909        0.239478             0.870874         1.008505
  0.4902      -0.856268        0.205812             0.895605         0.583102
  0.4441      -0.727667        0.495335             0.665804        27.386871
  0.6031      -0.956077        0.080950             0.974529         0.060628
  0.4543      -0.770794        0.326855             0.784057         3.208238
  0.4650      -0.804240        0.268008             0.834538         1.919837
  0.5073      -0.883179        0.178627             0.920623         0.311592
  0.4238      -0.628722        0.366064             0.250191        44.227577
  0.4006      -0.553829        0.204521             0.095572         8.273471
  0.4128      -0.590365        0.252752             0.154669        18.779756
  0.4341      -0.672943        0.486328             0.395272        75.817747
  0.3666      -0.473982        0.148091             0.059862         3.222915
  0.3340      -0.410505        0.092605             0.040643         1.207342
  0.3860      -0.518375        0.191687             0.076382         5.007186
  0.5334      -0.911362        0.143810             0.943348         0.189852
  0.4770      -0.832679        0.229933             0.871115         0.825309
  0.4905      -0.857974        0.201692             0.897838         0.505941
  0.4443      -0.735435        0.418277             0.701562        14.360766
  0.6062      -0.957136        0.076005             0.975218         0.054589
  0.4545      -0.773917        0.329305             0.788930         3.755502
  0.4652      -0.804473        0.304106             0.835166         1.688266
  0.5076      -0.882763        0.173373             0.920203         0.314175
  0.4239      -0.632359        0.391479             0.267120        50.227131
  0.4008      -0.556287        0.218453             0.095813         8.950390
  0.4130      -0.591004        0.285432             0.147133        18.714037
  0.4342      -0.673767        0.498524             0.408223        68.214945
  0.3669      -0.474114        0.142425             0.059714         2.937931
  0.3347      -0.411492        0.101767             0.042389         1.416200
  0.3862      -0.518547        0.174222             0.078226         5.543262
  0.5339      -0.911975        0.132065             0.943891         0.170694
  0.4771      -0.831804        0.244979             0.869652         1.024386
  0.4907      -0.857587        0.198466             0.896575         0.615552
  0.4444      -0.728136        0.513141             0.665741        25.864121
  0.6095      -0.958412        0.074534             0.975997         0.054086
  0.4546      -0.773652        0.341614             0.786011         4.368071
  0.4653      -0.804539        0.284239             0.835272         1.834616
  0.5079      -0.883957        0.169326             0.921434         0.300230
  0.4241      -0.628128        0.324231             0.215475        39.124011
  0.4010      -0.555823        0.214633             0.103363        10.046875
  0.4132      -0.590292        0.279633             0.138405        16.961718
  0.4344      -0.671927        0.508810             0.381340        72.262992
  0.3673      -0.474746        0.137021             0.058799         3.027777
  0.3354      -0.412193        0.096539             0.044088         1.404686
  0.3865      -0.519563        0.188322             0.078218         5.288385
  0.5344      -0.913158        0.133131             0.944884         0.167718
  0.4773      -0.833409        0.255953             0.872038         0.915644
  0.4909      -0.858326        0.190949             0.897342         0.526456
  0.6131      -0.959778        0.069126             0.976924         0.049209
  0.4446      -0.733782        0.419684             0.696443        12.112102
  0.4548      -0.772854        0.375330             0.777616         8.034564
  0.4655      -0.806121        0.266313             0.837483         1.635169
  0.5082      -0.883801        0.165870             0.920879         0.307162
  0.4243      -0.629835        0.341803             0.248145        40.510821
  0.4012      -0.557320        0.228966             0.105316        10.863227
  0.4133      -0.591652        0.262645             0.150211        18.337397
  0.4345      -0.675111        0.496469             0.439426        60.474678
  0.3676      -0.474923        0.142944             0.057867         2.816188
  0.3361      -0.413450        0.100955             0.043230         1.438865
  0.3867      -0.519205        0.179244             0.078016         5.722352
  0.5350      -0.913216        0.141341             0.944911         0.175172
  0.4911      -0.859013        0.209756             0.898087         0.515365
  0.6171      -0.961052        0.069489             0.977758         0.047405
  0.4447      -0.736613        0.398185             0.706527        10.101681
  0.4549      -0.772837        0.375603             0.781985         4.840350
  0.4775      -0.833113        0.241759             0.871188         0.892973
  0.4657      -0.807471        0.312777             0.840774         1.565013
  0.5085      -0.884095        0.178618             0.921196         0.330335
  0.4244      -0.628682        0.329190             0.232021        36.438746
  0.4014      -0.556087        0.233059             0.105145         9.982741
  0.4135      -0.591393        0.256104             0.141759        16.995009
  0.4347      -0.677496        0.539359             0.423387        73.600115
  0.3680      -0.476141        0.147808             0.063104         3.257308
  0.3368      -0.414851        0.106524             0.043437         1.539052
  0.3869      -0.520076        0.185538             0.080520         5.566705
  0.5355      -0.913177        0.131964             0.944742         0.167600
  0.4914      -0.860004        0.191574             0.899028         0.482471
  0.6215      -0.962932        0.075032             0.978868         0.049068
  0.4449      -0.733726        0.461843             0.690472        16.691499
  0.4551      -0.775386        0.328508             0.787735         4.615175
  0.4777      -0.833576        0.243337             0.871565         0.927667
  0.4658      -0.806052        0.296324             0.836888         2.048557
  0.5088      -0.885145        0.164165             0.922051         0.328317
  0.4246      -0.629491        0.337534             0.211716        36.407940
  0.4016      -0.558117        0.214479             0.100475         9.707515
  0.4137      -0.593516        0.265099             0.151938        20.182670
  0.4348      -0.675515        0.582066             0.399211        79.877568
  0.3683      -0.477456        0.147178             0.060774         3.009694
  0.3374      -0.416186        0.102647             0.043733         1.585309
  0.3872      -0.520480        0.185304             0.075416         5.173350
  0.5361      -0.914455        0.135045             0.945864         0.166224
  0.4916      -0.859792        0.193262             0.899603         0.461858
  0.6266      -0.964725        0.060523             0.980000         0.040050
  0.4552      -0.775350        0.343292             0.788872         4.333570
  0.4450      -0.735284        0.407122             0.699309        11.376486
  0.4779      -0.834461        0.225746             0.872773         0.828347
  0.4660      -0.807074        0.289390             0.837651         1.864903
  0.5092      -0.885274        0.168708             0.922200         0.295650
  0.4247      -0.629762        0.346811             0.230612        41.281693
  0.4018      -0.557312        0.216889             0.104037         9.601588
  0.4138      -0.591860        0.270317             0.139983        19.095139
  0.4350      -0.676293        0.538847             0.412072        81.443404
  0.3686      -0.478341        0.149426             0.060201         3.079273
  0.3381      -0.417211        0.105285             0.042931         1.379238
  0.3874      -0.520444        0.181123             0.077887         5.330465
  0.5366      -0.915326        0.119680             0.946277         0.151045
  0.4918      -0.860232        0.193592             0.899236         0.501090
  0.6324      -0.966465        0.058815             0.981145         0.036417
  0.4554      -0.775858        0.407079             0.783037        10.099747
  0.4452      -0.739352        0.413724             0.717034         9.454475
  0.4781      -0.834211        0.251611             0.872091         0.954826
  0.4662      -0.807364        0.298739             0.838212         1.637142
  0.5095      -0.886031        0.155023             0.923187         0.268531
  0.4249      -0.633683        0.369599             0.269673        43.042997
  0.4019      -0.559023        0.234007             0.104974         9.933890
  0.4351      -0.683404        0.521556             0.478864        62.727031
  0.3690      -0.478432        0.141701             0.060430         3.052899
  0.4140      -0.595083        0.255463             0.144839        16.624451
  0.3387      -0.419273        0.110169             0.044129         1.551025
  0.3877      -0.521906        0.176636             0.080544         6.047455
  0.5372      -0.914742        0.138181             0.945872         0.180093
  0.4921      -0.860382        0.180646             0.899867         0.435995
  0.6392      -0.968628        0.061922             0.982380         0.037255
  0.4555      -0.778215        0.321077             0.795699         3.507243
  0.4453      -0.738272        0.434003             0.707891        13.198988
  0.4783      -0.835331        0.229872             0.873914         0.831424
  0.4663      -0.808458        0.284010             0.841184         1.608594
  0.5098      -0.886307        0.162227             0.923096         0.294695
  0.4250      -0.631459        0.343800             0.238302        40.299262
  0.4021      -0.559420        0.221427             0.098899         9.282028
  0.4353      -0.677389        0.525535             0.410062        74.678422
  0.3693      -0.479726        0.156958             0.062201         3.108606
  0.4142      -0.593332        0.264854             0.132779        17.528687
  0.3394      -0.419459        0.117695             0.043194         1.618042
  0.3879      -0.522066        0.185636             0.077240         5.546776
  0.5378      -0.915187        0.128000             0.946427         0.160564
  0.6476      -0.971179        0.053507             0.983886         0.031076
  0.4557      -0.775978        0.329736             0.792006         3.428845
  0.4455      -0.734573        0.523666             0.667764        52.292323
  0.4923      -0.860626        0.197452             0.900191         0.489793
  0.4785      -0.835598        0.225408             0.873958         0.899156
  0.4665      -0.808590        0.270958             0.841997         1.509062
  0.5101      -0.886109        0.161035             0.923061         0.290840
  0.4252      -0.630155        0.318846             0.203173        32.578430
  0.4023      -0.558150        0.206617             0.102331         9.466474
  0.4354      -0.682392        0.512576             0.490612        50.360039
  0.3696      -0.480089        0.150400             0.058757         2.879628
  0.4144      -0.595171        0.264756             0.148622        20.573269
  0.3400      -0.421097        0.111490             0.044322         1.682194
  0.3881      -0.522485        0.195182             0.076290         5.847314
  0.5383      -0.916030        0.123726             0.947008         0.154418
  0.6585      -0.973494        0.057602             0.985303         0.032550
  0.4559      -0.777329        0.348220             0.790492         6.021407
  0.4456      -0.742577        0.382295             0.727822         7.519111
  0.4925      -0.861301        0.186330             0.900767         0.465366
  0.4787      -0.835315        0.235282             0.872291         1.021184
  0.4667      -0.807929        0.286327             0.839379         1.768851
  0.5104      -0.886366        0.168390             0.923025         0.308452
  0.4254      -0.632473        0.358449             0.224056        38.294256
  0.4025      -0.559855        0.213320             0.103375        10.124892
  0.3700      -0.481302        0.151777             0.060811         3.352795
  0.4356      -0.675712        0.535495             0.399578        76.381767
  0.4145      -0.595927        0.271998             0.148839        20.008981
  0.3406      -0.421160        0.111625             0.045928         1.572001
  0.3884      -0.524068        0.183911             0.085586         6.284029
  0.5389      -0.916454        0.119956             0.947273         0.148845
  1.0000      -0.998624        0.005596             0.999294         0.001548
  0.4458      -0.740250        0.448597             0.709032        16.559676
  0.4560      -0.779843        0.328635             0.798646         3.217006
  0.4928      -0.862021        0.183782             0.901373         0.483021
  0.4789      -0.836402        0.222039             0.875776         0.730958
  0.4668      -0.809380        0.281131             0.842573         1.447074
  0.5107      -0.887116        0.168740             0.923886         0.285782
  0.4255      -0.632630        0.358329             0.205462        39.759023
  0.4027      -0.560024        0.223317             0.100945         9.809592
  0.3703      -0.481529        0.148618             0.059481         3.226407
  0.4357      -0.679619        0.573684             0.405752        84.942462
  0.4147      -0.595830        0.269999             0.146842        19.765659
  0.3412      -0.422738        0.114194             0.045421         1.626330
  0.3886      -0.522642        0.193148             0.077413         5.343704
  0.4459      -0.733134        0.541674             0.650096        55.025230
  0.4562      -0.778436        0.323234             0.796889         2.782994
  0.4670      -0.808214        0.274611             0.840588         1.617294
  0.4257      -0.630823        0.359316             0.236586        38.486823
  0.4029      -0.559362        0.222452             0.104163         9.709885
  0.4359      -0.681813        0.531366             0.498015        45.464919
  0.3706      -0.481179        0.153955             0.059943         3.458820
  0.4149      -0.593795        0.264122             0.123518        13.360007
  0.3418      -0.423905        0.123279             0.044536         1.663250
  0.3888      -0.522766        0.192616             0.077855         5.263943
